
US Indices of Industrial Production: 1947-1993 (Monthly) 

Overall Index benchmarked at 100 in May 1992
All indices have been seasonally adjusted 

Source:  Federal Reserve Statistical Release G.17

"YR     =  Year"
"MN     =  Month"
"IP     =  Industrial Production (IP), total index"
"MFG    =  IP: Manufacturing"
"MFGD   =  IP: Manufacturing, Durable"
"MFGN   =  IP: Manufacturing, Nondurable"
"MIN    =  IP: Mining"
"UTIL   =  IP: Utilities"
"P      =  IP: Products, total"
"MAT    =  IP: Materials"

"YR","MN", "IP",   "MFG",  "MFGD", "MFGN", "MIN",  "UTIL",  "P",   "MAT"
 47    1    21.4    20.4    19.1    21.6    54.8    10.0    21.0    21.7
 47    2    21.5    20.4    19.4    21.5    55.4    10.1    21.0    21.8
 47    3    21.7    20.5    19.6    21.5    56.4    10.2    21.1    22.6
 47    4    21.5    20.6    19.8    21.3    51.7    10.4    21.1    22.0
 47    5    21.6    20.4    19.8    21.1    55.9    10.6    21.2    22.1
 47    6    21.6    20.4    19.9    21.0    55.5    10.6    21.1    21.9
 47    7    21.5    20.3    19.4    21.2    56.3    10.7    21.1    21.7
 47    8    21.6    20.4    19.4    21.3    57.3    10.8    21.2    21.6
 47    9    21.7    20.5    19.7    21.4    57.9    10.9    21.4    21.9
 47   10    22.0    20.8    19.8    21.8    57.7    11.0    21.7    22.1
 47   11    22.3    21.1    20.1    22.0    58.2    11.1    22.0    22.6
 47   12    22.3    21.1    20.2    22.0    58.1    11.2    22.1    22.3
 48    1    22.5    21.2    20.4    22.0    58.9    11.4    22.2    22.4
 48    2    22.5    21.2    20.2    22.2    59.0    11.4    22.2    22.6
 48    3    22.3    21.2    20.4    22.0    53.2    11.7    22.2    22.3
 48    4    22.3    21.2    20.1    22.3    54.5    11.6    22.1    22.2
 48    5    22.7    21.4    20.4    22.4    61.3    11.7    22.1    23.3
 48    6    23.0    21.6    20.6    22.5    61.3    11.8    22.3    23.4
 48    7    23.0    21.6    21.0    22.4    61.3    11.9    22.4    23.5
 48    8    22.9    21.5    20.9    22.2    61.1    12.0    22.4    23.2
 48    9    22.7    21.4    20.7    22.1    59.8    12.2    22.2    23.3
 48   10    22.9    21.5    20.9    22.1    60.5    12.3    22.4    23.3
 48   11    22.6    21.2    20.6    21.9    59.6    12.4    22.2    23.1
 48   12    22.4    21.1    20.2    21.8    59.5    12.4    22.0    23.0
 49    1    22.2    20.8    19.9    21.7    58.0    12.3    21.6    22.6
 49    2    22.0    20.6    19.6    21.7    57.8    12.4    21.4    22.4
 49    3    21.5    20.4    19.3    21.6    52.4    12.4    21.4    21.5
 49    4    21.4    20.0    18.9    21.2    57.1    12.4    21.3    21.2
 49    5    21.1    19.8    18.4    21.2    56.1    12.4    21.3    20.6
 49    6    21.1    19.8    18.4    21.4    52.2    12.6    21.2    20.3
 49    7    21.0    19.9    18.4    21.4    50.9    12.7    21.3    20.3
 49    8    21.2    20.1    18.6    21.7    50.7    12.9    21.4    20.6
 49    9    21.5    20.5    19.0    22.2    45.8    12.9    21.7    20.9
 49   10    20.7    19.7    17.2    22.5    43.1    12.9    21.5    18.8
 49   11    21.2    19.9    17.5    22.4    54.1    13.1    21.4    20.6
 49   12    21.6    20.4    18.4    22.5    52.1    13.4    21.3    21.5
 50    1    22.0    20.8    19.1    22.7    51.0    13.5    21.9    21.7
 50    2    22.0    21.0    19.3    22.9    47.0    13.6    22.2    21.3
 50    3    22.8    21.4    19.8    23.1    58.2    13.9    22.6    22.8
 50    4    23.5    22.3    21.0    23.5    57.4    14.0    23.3    23.7
 50    5    24.1    22.9    22.0    23.7    57.7    14.3    23.7    24.4
 50    6    24.8    23.5    23.1    24.0    59.5    14.4    24.5    25.3
 50    7    25.6    24.3    23.9    24.7    60.6    14.5    25.2    26.0
 50    8    26.4    25.2    24.9    25.3    61.9    14.6    26.0    26.8
 50    9    26.2    24.9    24.7    25.1    62.8    14.7    25.6    27.1
 50   10    26.4    25.1    24.9    25.2    63.0    15.1    25.7    27.4
 50   11    26.3    25.1    24.9    25.1    61.7    15.1    25.7    27.1
 50   12    26.8    25.5    25.2    25.7    62.4    15.3    26.1    27.6
 51    1    26.9    25.6    25.3    25.8    63.3    15.6    26.4    27.3
 51    2    27.1    25.7    25.6    25.8    62.2    15.8    26.5    27.4
 51    3    27.2    25.8    25.9    25.6    62.8    16.0    26.6    28.0
 51    4    27.2    25.9    26.1    25.6    63.6    16.3    26.5    28.2
 51    5    27.1    25.7    25.9    25.5    63.9    16.3    26.4    28.4
 51    6    27.0    25.6    25.8    25.3    64.0    16.5    26.2    28.5
 51    7    26.6    25.1    25.2    25.0    64.1    16.5    25.7    28.0
 51    8    26.3    24.9    25.0    24.5    64.7    16.7    25.4    27.6
 51    9    26.5    25.0    25.3    24.5    65.1    16.8    25.7    27.7
 51   10    26.5    24.9    25.3    24.2    66.3    16.8    25.7    27.3
 51   11    26.7    25.1    25.7    24.5    65.8    17.1    26.1    27.4
 51   12    26.8    25.3    25.9    24.6    65.6    17.1    26.2    27.5
 52    1    27.1    25.5    26.2    24.8    66.0    17.3    26.6    28.1
 52    2    27.3    25.7    26.4    24.9    66.7    17.4    26.8    27.9
 52    3    27.4    25.8    26.5    24.8    66.3    17.5    26.9    27.9
 52    4    27.1    25.6    26.2    24.9    65.6    17.4    26.8    27.3
 52    5    26.9    25.5    26.4    24.6    58.5    17.4    26.9    27.0
 52    6    26.6    25.3    25.1    25.3    59.0    17.5    27.4    25.4
 52    7    26.2    24.7    24.0    25.5    58.7    17.7    26.9    24.9
 52    8    27.9    26.5    27.1    25.8    62.5    18.0    27.5    28.0
 52    9    28.9    27.4    28.4    26.0    67.1    18.3    28.1    29.9
 52   10    29.2    27.8    29.0    26.3    62.7    18.5    28.5    29.7
 52   11    29.8    28.3    29.8    26.6    66.9    18.6    29.0    30.6
 52   12    30.0    28.5    30.2    26.7    65.4    18.7    29.1    30.7
 53    1    30.0    28.7    30.7    26.4    64.6    18.7    29.4    30.5
 53    2    30.2    28.9    30.9    26.7    64.1    18.7    29.7    31.2
 53    3    30.5    29.1    31.3    26.8    64.5    18.9    29.8    31.6
 53    4    30.6    29.3    31.4    26.9    64.9    19.1    29.8    31.9
 53    5    30.8    29.4    31.4    27.1    65.8    19.4    29.9    32.5
 53    6    30.6    29.2    31.2    26.9    66.4    19.6    29.6    32.6
 53    7    31.0    29.4    31.6    26.9    67.2    19.7    29.8    32.9
 53    8    30.8    29.3    31.5    26.7    67.7    19.7    29.7    32.1
 53    9    30.2    28.7    30.6    26.5    67.0    19.7    29.3    31.3
 53   10    30.0    28.4    30.3    26.3    65.2    19.8    29.3    30.3
 53   11    29.2    27.7    29.1    26.1    64.2    19.6    28.6    29.5
 53   12    28.5    27.0    28.2    25.7    63.5    19.6    28.1    28.8
 54    1    28.3    26.8    27.5    26.0    63.2    20.1    28.1    28.5
 54    2    28.4    26.7    27.3    26.2    63.3    20.1    28.1    28.5
 54    3    28.2    26.6    26.9    26.3    63.3    20.3    28.1    28.2
 54    4    28.1    26.4    26.7    26.3    63.3    20.5    27.9    28.1
 54    5    28.2    26.6    26.8    26.4    64.2    20.5    27.9    28.5
 54    6    28.3    26.7    26.9    26.6    65.5    20.7    27.9    28.8
 54    7    28.4    26.6    26.6    26.7    65.4    20.8    27.8    29.0
 54    8    28.3    26.5    26.6    26.7    63.7    20.9    27.8    28.8
 54    9    28.4    26.7    26.5    27.0    62.8    21.1    28.1    28.6
 54   10    28.7    27.0    26.9    27.2    63.5    21.5    28.3    29.2
 54   11    29.2    27.4    27.5    27.6    64.7    21.7    28.6    29.7
 54   12    29.5    27.8    27.9    28.0    65.5    21.9    28.9    30.3
 55    1    30.2    28.5    28.7    28.3    67.4    21.8    29.4    31.3
 55    2    30.6    28.8    29.2    28.5    68.8    22.3    29.6    32.1
 55    3    31.3    29.5    30.0    29.1    68.6    22.6    30.1    32.9
 55    4    31.7    29.9    30.5    29.3    70.0    22.8    30.4    33.6
 55    5    32.2    30.4    31.1    29.7    70.4    22.9    30.8    34.2
 55    6    32.2    30.5    31.2    29.8    71.4    23.0    30.8    34.3
 55    7    32.5    30.6    31.4    29.8    71.5    23.1    30.8    34.7
 55    8    32.5    30.6    31.5    29.5    72.4    23.6    30.8    34.7
 55    9    32.7    30.8    31.5    30.0    73.0    24.0    31.1    35.1
 55   10    33.2    31.2    32.0    30.4    74.2    24.2    31.6    35.5
 55   11    33.3    31.3    31.8    30.8    74.5    24.4    31.8    35.3
 55   12    33.4    31.7    32.1    31.1    74.3    24.7    32.0    35.6
 56    1    33.6    31.5    32.0    31.1    74.5    24.8    32.1    35.7
 56    2    33.3    31.4    31.7    31.1    74.0    25.1    32.2    35.0
 56    3    33.3    31.3    31.7    31.0    75.1    25.2    32.2    34.9
 56    4    33.6    31.8    32.4    31.2    76.7    25.4    32.5    35.2
 56    5    33.3    31.4    31.7    31.0    75.6    25.8    32.3    34.5
 56    6    33.0    31.1    31.6    30.8    75.6    25.7    32.2    34.1
 56    7    32.0    29.9    29.1    31.0    71.5    25.6    32.1    31.3
 56    8    33.3    31.2    31.4    31.2    75.2    25.5    32.5    34.2
 56    9    34.1    31.8    32.3    31.2    76.1    25.6    32.6    36.0
 56   10    34.3    32.1    32.7    31.5    76.3    25.8    32.8    36.6
 56   11    34.1    31.9    32.6    31.3    76.4    26.0    32.8    35.8
 56   12    34.6    32.4    33.2    31.6    75.2    26.1    33.3    36.4
 57    1    34.4    32.3    33.0    31.6    75.5    26.4    33.4    35.7
 57    2    34.8    32.7    33.4    31.9    76.8    26.7    33.8    35.9
 57    3    34.7    32.6    33.2    32.0    77.5    26.7    33.8    35.8
 57    4    34.3    32.2    32.7    31.6    77.0    27.0    33.4    35.3
 57    5    34.1    32.0    32.2    31.7    76.5    27.2    33.3    35.2
 57    6    34.2    32.2    32.8    31.6    75.8    27.2    33.4    35.3
 57    7    34.4    32.2    32.6    31.9    76.1    27.6    33.5    35.6
 57    8    34.4    32.3    32.7    31.9    76.0    27.8    33.6    35.6
 57    9    34.1    32.0    32.1    32.0    75.1    27.5    33.4    35.2
 57   10    33.6    31.4    31.4    31.6    74.0    27.6    32.8    34.6
 57   11    32.8    30.7    30.4    31.3    71.8    28.0    32.3    33.4
 57   12    32.2    30.1    29.3    31.3    71.1    27.9    32.0    32.3
 58    1    31.6    29.5    28.4    31.1    69.8    27.9    31.6    31.3
 58    2    30.9    28.8    27.4    30.9    68.9    28.1    31.2    30.3
 58    3    30.6    28.5    26.9    30.8    65.5    28.1    30.9    29.5
 58    4    30.0    28.0    26.3    30.6    64.2    27.9    30.7    28.8
 58    5    30.3    28.3    26.5    31.0    64.1    28.0    30.9    29.1
 58    6    31.1    29.2    27.5    31.7    66.6    28.3    31.6    30.4
 58    7    31.6    29.4    27.7    32.0    68.7    28.4    31.7    31.2
 58    8    32.2    30.1    28.3    32.5    71.2    28.7    32.1    32.1
 58    9    32.5    30.3    28.7    32.7    72.4    29.0    32.1    32.9
 58   10    32.9    30.5    28.8    33.0    72.3    29.2    32.3    33.5
 58   11    33.9    31.6    30.5    33.4    72.1    29.4    33.4    34.4
 58   12    33.9    31.7    30.6    33.4    72.5    29.8    33.5    34.5
 59    1    34.4    32.3    31.2    34.0    72.4    30.2    33.8    35.1
 59    2    35.1    32.9    31.8    34.5    72.8    30.4    34.3    36.2
 59    3    35.6    33.4    32.5    34.6    73.0    30.7    34.5    37.1
 59    4    36.4    34.1    33.5    35.0    75.1    30.9    35.0    38.2
 59    5    36.9    34.6    34.2    35.2    76.8    31.3    35.3    39.1
 59    6    37.0    34.6    34.5    35.0    75.3    31.6    35.5    38.9
 59    7    36.1    34.0    32.9    35.6    71.8    31.8    35.6    36.6
 59    8    34.9    32.6    30.7    35.5    68.0    31.5    35.3    33.8
 59    9    34.8    32.5    30.4    35.7    67.6    32.0    35.2    33.8
 59   10    34.6    32.3    30.3    35.3    68.0    31.9    35.1    33.4
 59   11    34.8    32.5    30.6    35.3    72.5    32.2    34.7    34.7
 59   12    36.9    34.7    34.0    35.8    74.0    32.8    35.7    38.5
 60    1    37.9    35.7    35.3    36.3    72.6    32.9    36.6    39.6
 60    2    37.5    35.4    35.0    36.0    73.2    33.2    36.4    39.1
 60    3    37.2    35.0    34.2    36.2    73.6    33.7    36.3    38.4
 60    4    36.9    34.7    33.6    36.2    75.5    33.6    36.4    37.5
 60    5    36.9    34.5    33.4    36.3    74.6    33.3    36.6    37.2
 60    6    36.4    34.1    32.7    36.1    73.9    33.5    36.2    36.6
 60    7    36.3    34.0    32.6    36.2    73.3    33.6    36.0    36.6
 60    8    36.2    33.8    32.5    35.8    74.0    33.8    35.9    36.5
 60    9    35.9    33.5    32.0    35.7    73.3    34.0    35.6    35.9
 60   10    35.8    33.5    31.9    35.8    73.0    33.9    35.8    35.7
 60   11    35.3    32.8    31.1    35.5    72.8    34.0    35.4    34.8
 60   12    34.6    32.3    30.1    35.3    72.7    34.1    34.9    33.8
 61    1    34.7    32.3    30.1    35.5    72.6    34.1    34.9    34.1
 61    2    34.6    32.1    29.9    35.7    72.3    34.2    34.9    33.9
 61    3    34.9    32.4    30.0    36.0    72.8    34.3    35.1    34.2
 61    4    35.6    33.1    31.0    36.4    72.6    34.8    35.6    35.2
 61    5    36.1    33.6    31.7    36.6    72.7    35.6    35.9    36.3
 61    6    36.6    34.2    32.2    37.0    73.3    35.4    36.2    36.8
 61    7    37.0    34.6    32.8    37.2    73.6    35.4    36.5    37.3
 61    8    37.4    35.1    33.5    37.5    74.9    36.0    36.8    38.1
 61    9    37.3    34.8    33.0    37.5    74.8    36.3    36.7    38.2
 61   10    38.1    35.5    33.7    38.2    76.4    36.6    37.3    38.8
 61   11    38.6    36.1    34.5    38.7    76.6    36.6    37.9    39.4
 61   12    39.0    36.6    35.1    38.9    76.5    36.8    38.2    39.9
 62    1    38.6    36.1    34.6    38.4    75.9    37.4    37.9    39.6
 62    2    39.3    36.7    35.3    38.9    76.3    37.2    38.4    40.3
 62    3    39.5    37.0    35.5    39.2    76.7    37.5    38.7    40.3
 62    4    39.6    37.1    35.8    39.1    76.3    37.4    38.9    40.3
 62    5    39.5    37.0    35.5    39.3    75.9    38.0    39.2    39.7
 62    6    39.4    36.9    35.3    39.3    75.9    38.3    39.2    39.6
 62    7    39.8    37.3    35.7    39.5    76.3    38.6    39.6    39.9
 62    8    39.9    37.4    36.0    39.4    77.0    38.4    39.6    40.0
 62    9    40.1    37.6    36.3    39.7    76.8    38.5    39.8    40.3
 62   10    40.2    37.6    36.3    39.5    75.9    38.8    39.7    40.3
 62   11    40.3    37.9    36.5    39.8    76.3    39.2    39.9    40.7
 62   12    40.3    37.9    36.6    39.9    75.3    39.2    40.0    40.5
 63    1    40.6    38.2    36.9    40.1    76.4    40.0    40.4    40.6
 63    2    41.1    38.5    37.1    40.5    78.0    40.5    40.7    41.2
 63    3    41.3    38.7    37.3    40.9    78.2    40.2    40.7    41.8
 63    4    41.7    39.2    37.8    41.3    78.2    40.1    41.2    42.2
 63    5    42.2    39.6    38.3    41.5    80.1    40.5    41.4    43.2
 63    6    42.4    39.7    38.5    41.5    79.3    40.8    41.4    43.4
 63    7    42.2    39.5    38.3    41.4    80.2    40.5    41.4    42.9
 63    8    42.3    39.7    38.3    41.9    80.5    40.8    41.8    42.6
 63    9    42.7    40.0    38.6    42.1    80.5    41.2    41.9    43.4
 63   10    43.0    40.4    39.0    42.3    80.0    41.5    42.3    43.7
 63   11    43.2    40.5    39.2    42.4    80.5    41.9    42.5    43.9
 63   12    43.1    40.5    39.2    42.5    80.4    42.0    42.5    43.7
 64    1    43.5    40.8    39.5    42.9    81.5    42.7    42.9    44.0
 64    2    43.8    41.1    39.7    43.1    82.0    42.8    42.9    44.7
 64    3    43.8    41.1    39.8    43.0    81.7    43.1    42.9    44.7
 64    4    44.5    41.8    40.4    44.0    81.7    43.8    43.8    45.2
 64    5    44.8    42.0    40.5    44.3    82.1    44.1    43.9    45.6
 64    6    44.9    42.1    40.6    44.1    82.6    44.6    43.9    45.9
 64    7    45.2    42.4    41.1    44.5    82.0    45.0    44.4    46.0
 64    8    45.5    42.7    41.4    44.6    82.6    45.0    44.3    46.9
 64    9    45.6    42.9    41.8    44.6    83.2    45.1    44.1    47.6
 64   10    45.0    42.3    40.5    44.9    83.4    45.2    43.7    46.8
 64   11    46.4    43.5    42.5    45.1    84.7    45.1    45.0    48.2
 64   12    46.9    44.3    43.5    45.5    83.6    45.7    45.5    48.8
 65    1    47.5    44.8    43.9    46.2    84.0    45.5    46.0    49.4
 65    2    47.7    45.1    44.4    46.3    84.0    45.8    46.4    49.5
 65    3    48.4    45.7    45.1    46.5    84.7    46.3    47.0    50.3
 65    4    48.6    45.9    45.5    46.5    84.6    47.0    47.0    50.8
 65    5    49.0    46.3    46.0    46.8    84.6    46.7    47.5    51.0
 65    6    49.3    46.6    46.4    46.9    85.6    47.0    47.7    51.6
 65    7    49.8    47.3    47.3    47.2    85.5    46.6    48.1    52.1
 65    8    50.0    47.3    47.3    47.4    86.4    46.9    48.1    52.6
 65    9    50.2    47.4    47.4    47.6    84.6    47.8    48.6    52.2
 65   10    50.7    47.8    47.8    48.0    87.6    48.5    49.1    52.7
 65   11    50.9    48.0    47.9    48.2    87.4    48.2    49.5    52.5
 65   12    51.5    48.8    49.0    48.5    88.2    48.4    50.2    53.1
 66    1    52.0    49.3    49.6    48.9    88.6    48.5    50.6    53.8
 66    2    52.3    49.6    50.0    49.0    88.3    49.2    50.7    54.4
 66    3    53.1    50.3    50.7    49.7    90.4    49.4    51.3    55.4
 66    4    53.1    50.5    51.3    49.5    87.2    49.7    51.5    55.3
 66    5    53.6    50.9    51.5    50.0    90.1    50.0    51.9    55.9
 66    6    53.9    51.1    51.8    50.2    90.4    50.7    52.2    56.3
 66    7    54.2    51.4    52.0    50.6    90.6    51.5    52.5    56.4
 66    8    54.2    51.5    52.1    50.6    91.0    51.7    52.4    56.9
 66    9    54.7    51.9    52.7    50.7    91.0    51.6    52.7    57.4
 66   10    55.1    52.4    53.4    50.8    91.4    51.5    53.2    57.7
 66   11    54.7    51.8    52.5    51.0    91.6    52.0    53.1    56.8
 66   12    54.9    52.1    52.8    51.1    92.2    52.1    53.3    56.8
 67    1    55.1    52.2    52.6    51.7    92.1    51.9    53.9    56.6
 67    2    54.5    51.6    52.0    51.1    91.0    52.0    53.5    55.5
 67    3    54.2    51.4    51.7    50.9    90.3    51.6    53.7    54.5
 67    4    54.7    51.7    51.8    51.6    91.4    53.7    54.2    55.0
 67    5    54.2    51.3    51.9    50.6    90.4    53.2    53.8    54.4
 67    6    54.2    51.3    51.6    50.8    91.2    52.7    53.8    54.3
 67    7    54.1    51.1    51.4    50.6    94.1    53.0    53.7    54.3
 67    8    55.1    52.0    52.1    51.9    94.7    52.2    54.3    55.9
 67    9    55.0    52.0    51.9    52.2    93.0    52.6    54.4    55.5
 67   10    55.5    52.5    52.2    52.7    92.5    54.9    54.7    56.2
 67   11    56.3    53.4    53.6    53.2    91.7    54.9    55.6    56.9
 67   12    56.9    54.0    54.1    53.7    91.0    56.0    56.1    57.6
 68    1    56.8    53.8    54.1    53.5    91.8    55.8    55.8    57.9
 68    2    57.0    54.1    54.2    53.8    93.3    55.5    56.2    57.9
 68    3    57.2    54.2    54.0    54.3    94.1    56.4    56.3    58.1
 68    4    57.3    54.2    54.1    54.2    95.4    56.5    56.2    58.5
 68    5    57.9    54.9    54.9    54.8    96.3    57.1    56.6    59.4
 68    6    58.2    55.0    55.0    54.9    96.2    57.8    56.8    59.7
 68    7    58.1    54.8    54.7    54.9    97.9    57.1    56.6    59.7
 68    8    58.2    55.1    54.7    55.6    97.1    57.6    57.2    59.3
 68    9    58.4    55.1    54.6    55.9    96.6    58.5    57.4    59.5
 68   10    58.6    55.5    55.1    56.0    93.9    58.4    57.5    59.6
 68   11    59.3    56.3    55.9    56.7    96.4    58.8    58.1    60.5
 68   12    59.5    56.3    56.3    56.2    96.5    60.8    58.3    60.8
 69    1    59.9    56.6    56.6    56.7    96.6    60.4    58.6    61.1
 69    2    60.3    57.1    56.8    57.4    96.5    60.9    58.8    61.8
 69    3    60.7    57.5    57.2    57.9    97.0    61.5    59.4    62.1
 69    4    60.5    57.3    57.1    57.6    97.7    61.2    58.9    62.3
 69    5    60.3    57.0    56.5    57.8    99.0    61.3    58.7    62.1
 69    6    60.9    57.4    57.1    57.9   101.8    62.4    59.1    63.0
 69    7    61.2    57.8    57.3    58.6    99.5    63.4    59.6    63.0
 69    8    61.3    57.9    57.5    58.5    99.2    63.7    59.4    63.6
 69    9    61.3    57.8    57.5    58.2   100.3    63.1    59.3    63.8
 69   10    61.3    57.9    57.7    58.2   100.4    63.6    59.3    63.8
 69   11    60.7    57.3    56.6    58.3   100.8    64.5    58.6    63.5
 69   12    60.6    57.0    55.9    58.5   102.1    64.6    58.6    63.1
 70    1    59.5    55.7    54.0    58.1   101.3    64.7    57.7    61.6
 70    2    59.4    55.8    54.0    58.3   100.4    64.7    57.9    61.3
 70    3    59.3    55.6    54.0    57.9   100.6    65.6    57.8    61.1
 70    4    59.2    55.4    53.6    58.0   100.7    65.9    57.8    60.7
 70    5    59.1    55.3    53.5    57.9   100.8    67.2    57.9    60.5
 70    6    58.9    55.1    53.2    57.8   100.6    65.8    57.7    60.2
 70    7    59.1    55.3    53.2    58.3    99.5    66.8    57.8    60.5
 70    8    59.0    54.9    53.1    57.6   101.8    67.6    57.2    61.3
 70    9    58.6    54.4    52.1    57.9   103.1    68.0    56.8    60.9
 70   10    57.4    53.2    50.0    57.9   104.6    66.9    55.9    59.2
 70   11    57.0    52.9    49.6    57.7   104.7    67.2    55.5    58.9
 70   12    58.4    54.3    51.6    58.2   103.9    67.1    56.8    60.2
 71    1    58.8    54.7    52.0    58.7   102.4    68.7    57.0    61.1
 71    2    58.7    54.8    52.1    58.6   101.0    68.3    57.1    60.7
 71    3    58.6    54.7    51.9    58.6   101.5    68.9    56.9    60.8
 71    4    59.0    54.9    51.9    59.3   102.0    69.1    57.2    61.2
 71    5    59.3    55.3    52.6    59.3   101.9    69.7    57.3    61.9
 71    6    59.5    55.5    52.4    59.9   101.5    70.3    57.5    62.2
 71    7    59.3    55.5    52.1    60.5    98.2    70.0    58.1    60.7
 71    8    59.0    54.9    51.0    60.5    99.4    69.5    57.8    60.4
 71    9    60.0    56.0    52.4    61.2    99.1    70.0    58.6    61.5
 71   10    60.4    56.8    53.3    61.9    90.3    71.1    59.2    61.7
 71   11    60.7    57.0    53.4    62.3    94.0    70.2    59.6    61.8
 71   12    61.4    57.6    53.9    62.9   100.0    69.9    59.9    63.1
 72    1    62.7    58.9    55.5    63.9   100.3    71.7    61.0    64.9
 72    2    63.2    59.4    56.1    64.0   100.1    73.0    61.5    65.1
 72    3    63.7    59.9    56.6    64.6   100.7    73.0    61.9    65.7
 72    4    64.7    60.9    57.7    65.4   102.0    74.4    62.9    66.8
 72    5    64.5    60.7    57.7    65.1   100.5    73.1    62.6    66.9
 72    6    64.7    60.9    57.7    65.6   101.1    73.0    62.9    66.9
 72    7    64.6    60.9    57.9    65.4   101.7    73.1    62.8    67.0
 72    8    65.5    61.8    58.6    66.3   101.4    74.0    63.6    68.0
 72    9    66.2    62.3    59.4    66.4   102.7    74.5    64.2    68.9
 72   10    67.2    63.3    60.8    66.9   102.4    76.1    65.0    70.0
 72   11    68.0    64.1    61.9    67.2   101.9    76.7    65.7    70.9
 72   12    68.6    64.9    62.6    68.0   101.4    76.8    66.3    71.8
 73    1    68.7    65.0    63.2    67.5   101.3    76.1    66.3    71.9
 73    2    69.7    65.9    64.2    68.2   101.9    77.4    67.2    72.8
 73    3    69.6    66.1    64.2    68.6   100.3    75.5    67.2    72.7
 73    4    69.9    66.3    64.4    68.7   100.1    76.4    67.4    73.2
 73    5    70.2    66.5    64.8    68.8   100.8    76.6    67.6    73.6
 73    6    70.7    67.0    65.5    68.9   101.8    77.7    68.1    74.2
 73    7    71.2    67.3    65.8    69.3   103.4    77.9    68.3    75.0
 73    8    71.1    67.4    65.7    69.6   103.6    77.6    68.2    75.1
 73    9    71.7    67.8    66.5    69.4   103.3    79.6    69.1    75.0
 73   10    71.9    68.2    66.8    70.0   103.5    78.1    69.2    75.6
 73   11    72.0    68.3    67.1    69.9   103.4    76.7    69.2    75.7
 73   12    70.8    67.1    65.7    68.8   103.8    74.5    67.8    75.1
 74    1    69.8    66.3    64.3    68.9   103.0    74.5    66.9    74.0
 74    2    69.6    66.0    63.9    68.9   103.4    74.0    66.7    73.5
 74    3    69.9    66.3    63.9    69.7   102.7    75.4    67.3    73.4
 74    4    69.8    66.0    63.8    69.0   102.6    75.9    67.5    72.7
 74    5    70.6    66.8    64.9    69.5   103.5    77.5    68.1    73.9
 74    6    70.8    67.1    65.2    69.6   102.4    77.8    68.4    73.9
 74    7    70.5    66.7    64.7    69.5   103.6    75.4    68.0    73.8
 74    8    70.2    66.7    64.7    69.4   100.7    76.7    67.8    73.4
 74    9    70.5    66.8    65.0    69.1   102.0    77.3    68.1    73.7
 74   10    70.0    66.2    64.6    68.3   103.2    77.0    67.6    73.1
 74   11    68.0    64.4    62.8    66.5    96.8    75.8    66.4    69.8
 74   12    65.2    61.3    59.5    63.8    97.1    75.9    64.1    66.1
 75    1    63.5    59.5    57.5    62.2   101.3    74.5    62.2    64.7
 75    2    62.5    58.3    56.0    61.5   101.1    75.6    61.7    62.8
 75    3    61.3    57.0    54.9    59.9    99.9    77.6    60.9    61.2
 75    4    61.9    57.6    55.1    61.2    99.2    78.7    61.5    61.6
 75    5    61.7    57.5    54.6    61.7    98.7    76.3    61.5    61.1
 75    6    62.5    58.4    54.6    63.8   100.0    76.7    62.3    62.0
 75    7    62.9    58.9    54.9    64.8    97.9    76.6    62.8    62.1
 75    8    64.0    59.9    56.0    65.7    98.3    77.9    63.4    64.1
 75    9    64.7    60.7    56.7    66.6    98.2    77.4    63.7    65.3
 75   10    65.0    61.1    57.0    67.2    99.2    76.3    63.8    66.0
 75   11    65.6    61.6    57.4    67.9   100.2    77.5    64.4    66.7
 75   12    66.1    62.2    58.1    68.4    99.9    76.7    64.8    67.5
 76    1    66.8    62.9    58.9    68.8   100.3    78.4    65.4    68.4
 76    2    68.0    64.3    60.5    70.0    99.8    77.1    66.6    69.4
 76    3    67.9    64.1    60.3    69.6    99.0    78.0    66.3    69.7
 76    4    68.1    64.3    60.6    69.7    98.8    78.9    66.3    70.2
 76    5    68.9    65.1    61.8    69.9   100.1    79.3    67.1    71.0
 76    6    69.0    65.0    61.6    70.0   100.0    79.3    67.0    71.3
 76    7    69.4    65.6    62.3    70.6    99.3    79.7    67.6    71.5
 76    8    69.8    65.9    63.0    70.2    99.8    79.8    67.8    72.1
 76    9    70.0    66.2    62.3    71.8   101.6    79.5    68.0    72.4
 76   10    70.2    66.4    62.4    72.4   101.5    80.8    68.4    72.4
 76   11    71.4    67.3    63.8    72.5   101.6    84.0    69.8    73.1
 76   12    72.0    68.0    64.5    73.1   101.6    83.9    70.4    73.7
 77    1    72.4    68.5    64.9    73.8   100.3    83.0    70.9    73.8
 77    2    72.4    68.7    65.2    73.7   102.1    79.9    70.6    74.5
 77    3    73.3    69.6    65.9    74.9   103.6    78.8    71.2    75.8
 77    4    74.3    70.6    67.3    75.3   104.4    79.9    72.3    76.5
 77    5    75.0    71.2    67.9    76.0   104.7    81.9    72.9    77.5
 77    6    75.6    71.8    68.6    76.3   105.4    82.7    73.5    78.0
 77    7    75.6    71.8    68.9    75.9   104.5    83.7    73.8    77.7
 77    8    75.9    72.4    69.4    76.7   101.9    83.1    74.3    77.8
 77    9    76.3    72.5    69.8    76.2   106.8    82.8    74.5    78.4
 77   10    76.2    72.4    69.7    76.2   105.5    83.0    74.4    78.2
 77   11    76.2    72.5    69.5    76.8   105.0    81.9    74.5    78.2
 77   12    75.9    72.8    70.2    76.5    96.8    82.8    75.0    76.7
 78    1    75.7    72.6    69.5    77.0    96.0    83.0    74.4    76.9
 78    2    75.7    72.6    69.5    76.9    95.9    83.5    74.8    76.3
 78    3    76.4    73.1    70.2    77.1   100.3    83.7    75.7    76.9
 78    4    79.0    75.2    72.6    78.9   109.9    83.6    77.5    80.7
 78    5    79.1    75.3    72.7    78.8   109.4    84.5    77.2    81.1
 78    6    79.9    76.2    73.6    79.8   110.0    84.7    78.5    81.5
 78    7    80.2    76.4    74.3    79.4   110.4    84.5    78.5    82.0
 78    8    80.4    76.8    74.9    79.3   109.3    84.5    78.7    82.2
 78    9    80.8    77.2    75.4    79.7   109.0    85.3    79.1    82.7
 78   10    81.2    77.6    76.0    79.6   109.9    85.5    79.2    83.4
 78   11    81.7    78.2    76.8    80.1   109.4    84.9    79.8    83.7
 78   12    82.0    78.6    77.4    80.2   108.7    85.3    80.1    84.1
 79    1    81.6    78.3    77.4    79.4   106.7    85.5    80.1    83.1
 79    2    82.2    78.9    78.2    79.6   106.4    88.5    80.5    84.0
 79    3    82.4    79.2    78.5    80.0   106.2    87.8    80.7    84.3
 79    4    81.6    78.0    76.5    80.0   108.2    89.3    79.6    83.9
 79    5    82.6    79.2    78.3    80.3   107.7    88.6    80.8    84.5
 79    6    82.6    79.3    78.7    80.0   108.0    86.7    80.6    84.8
 79    7    82.0    78.9    78.0    80.0   106.4    85.2    80.1    84.2
 79    8    81.7    78.1    76.8    79.8   109.2    85.9    79.7    83.9
 79    9    81.7    78.1    77.1    79.4   110.1    85.8    79.9    83.7
 79   10    82.1    78.5    77.2    80.2   110.0    86.2    80.4    83.9
 79   11    81.7    77.9    76.4    79.9   110.6    86.8    79.9    83.5
 79   12    81.5    77.8    76.3    79.9   109.9    86.0    79.9    83.2
 80    1    81.9    78.0    76.1    80.5   113.9    84.2    79.7    84.4
 80    2    81.9    78.2    76.7    80.0   112.0    85.2    80.4    83.6
 80    3    81.9    77.9    76.5    79.6   113.0    87.8    80.4    83.5
 80    4    80.3    76.2    74.5    78.6   111.7    86.1    78.9    81.8
 80    5    78.3    73.9    71.7    76.8   112.4    85.6    77.4    79.2
 80    6    77.3    72.8    70.3    76.2   111.5    86.0    77.0    77.4
 80    7    76.8    72.2    69.6    75.9   109.8    88.1    77.2    76.0
 80    8    77.7    73.4    70.9    76.9   108.5    88.8    78.2    76.8
 80    9    78.9    74.5    71.9    78.2   110.5    89.3    78.9    78.5
 80   10    79.5    75.4    73.2    78.4   109.7    88.8    79.3    79.3
 80   11    80.7    76.7    75.0    78.8   111.4    89.3    79.9    81.4
 80   12    81.1    76.9    74.9    79.5   113.6    88.9    80.1    82.0
 81    1    80.4    76.4    74.2    79.4   113.0    84.6    79.6    81.1
 81    2    80.8    76.9    74.7    79.8   114.1    83.0    80.2    81.3
 81    3    81.2    77.1    75.1    79.8   115.2    84.1    80.4    81.9
 81    4    80.6    77.2    75.2    79.9   109.6    82.9    80.5    80.5
 81    5    81.3    77.8    76.0    80.2   110.3    85.2    81.2    81.1
 81    6    81.8    77.7    75.9    80.0   115.0    86.6    81.2    82.3
 81    7    82.6    78.2    76.3    80.7   117.8    86.9    81.6    83.4
 81    8    82.2    77.5    75.8    79.9   119.4    85.6    81.0    83.4
 81    9    81.5    76.9    74.9    79.7   118.6    84.5    80.5    82.5
 81   10    80.9    76.1    74.1    78.7   118.7    85.6    80.2    81.5
 81   11    79.8    74.9    72.4    78.3   117.3    85.2    79.5    79.8
 81   12    78.9    73.7    71.1    77.3   117.7    85.5    79.1    78.3
 82    1    77.6    72.2    68.8    76.9   116.8    86.3    78.1    76.7
 82    2    79.3    74.3    71.1    78.7   117.7    84.2    80.0    78.1
 82    3    78.7    73.8    70.6    78.3   116.8    83.8    79.5    77.5
 82    4    78.0    73.1    69.9    77.6   115.1    83.8    78.9    76.5
 82    5    77.4    72.8    69.6    77.4   113.1    82.0    78.4    75.9
 82    6    77.1    72.8    69.5    77.5   111.1    81.6    78.2    75.5
 82    7    76.5    72.2    68.8    77.0   109.7    81.6    77.7    74.7
 82    8    76.1    71.9    67.7    77.8   108.4    81.8    77.2    74.4
 82    9    75.5    71.5    67.0    77.9   106.9    80.7    76.7    73.8
 82   10    74.9    70.7    65.6    78.0   107.0    81.1    76.0    73.3
 82   11    74.7    70.5    65.2    77.9   106.4    81.7    75.9    72.9
 82   12    74.1    70.0    65.1    77.0   105.9    79.2    75.7    71.9
 83    1    75.7    71.8    66.8    78.9   107.1    79.4    76.7    74.1
 83    2    75.5    72.1    67.4    78.8   104.4    77.6    76.5    74.0
 83    3    76.2    73.1    68.6    79.6   103.1    78.7    77.1    75.0
 83    4    77.2    74.0    69.5    80.3   104.2    81.1    78.0    75.9
 83    5    78.1    75.0    70.5    81.4   104.0    82.7    78.8    77.0
 83    6    78.6    75.6    71.2    81.9   104.1    81.8    79.6    77.0
 83    7    80.0    76.7    72.7    82.4   106.2    85.5    80.5    79.0
 83    8    81.0    77.6    73.6    83.2   107.9    88.0    81.6    80.1
 83    9    82.4    79.3    75.7    84.4   109.1    86.2    83.2    81.2
 83   10    83.1    79.8    76.6    84.3   110.4    87.4    83.3    82.5
 83   11    83.0    80.1    77.0    84.3   109.8    84.5    83.4    82.2
 83   12    83.4    80.0    77.5    83.5   109.0    91.9    84.2    82.1
 84    1    85.1    82.0    80.1    84.6   112.9    88.0    85.4    84.6
 84    2    85.0    82.4    80.5    85.1   111.6    83.3    85.3    84.4
 84    3    85.9    83.0    81.3    85.4   112.3    88.5    85.9    85.7
 84    4    86.4    83.4    81.9    85.5   113.7    88.3    86.5    86.0
 84    5    86.9    83.7    82.4    85.6   115.6    88.8    86.8    86.7
 84    6    87.3    84.3    83.0    86.0   116.0    87.5    87.5    86.7
 84    7    87.5    84.5    83.6    85.8   117.0    85.8    87.8    86.8
 84    8    87.5    84.6    84.2    85.2   115.6    86.8    87.5    87.1
 84    9    87.3    84.4    83.9    85.2   116.1    86.3    87.4    87.0
 84   10    86.9    84.5    83.8    85.4   112.3    86.0    87.6    85.8
 84   11    87.0    84.5    83.9    85.4   112.0    86.4    87.9    85.5
 84   12    86.6    84.3    83.8    85.0   111.2    85.0    87.5    85.2
 85    1    86.9    84.4    84.1    84.7   110.0    89.8    87.6    85.7
 85    2    87.7    84.9    84.6    85.2   112.1    91.5    88.3    86.6
 85    3    87.9    85.4    85.2    85.7   112.1    88.7    88.7    86.6
 85    4    88.0    85.6    85.5    85.7   112.1    89.1    88.9    86.6
 85    5    88.2    86.0    85.7    86.3   112.1    87.2    89.6    86.2
 85    6    88.0    85.7    85.6    86.0   112.2    86.9    89.3    86.1
 85    7    87.6    85.4    85.4    85.5   110.7    87.4    88.8    85.9
 85    8    88.2    86.1    86.2    86.1   110.0    87.2    89.6    86.0
 85    9    88.7    86.4    86.0    87.0   110.8    89.7    90.1    86.6
 85   10    87.9    85.7    85.3    86.4   109.8    88.5    89.2    86.0
 85   11    88.4    86.7    86.7    86.7   108.1    87.3    90.1    86.0
 85   12    89.0    86.6    86.5    86.8   111.2    92.0    90.3    87.1
 86    1    89.6    87.9    87.4    88.4   111.0    86.9    91.4    87.0
 86    2    89.0    87.4    87.0    88.0   108.8    86.3    90.4    86.8
 86    3    88.1    86.6    86.3    87.0   106.5    85.7    89.6    85.9
 86    4    88.7    87.8    87.3    88.6   103.3    85.3    90.7    86.0
 86    5    88.6    87.7    87.1    88.6   102.2    85.4    90.3    86.0
 86    6    88.2    87.5    86.4    88.9   100.7    85.9    90.0    85.7
 86    7    88.5    87.7    86.9    88.8   100.6    87.0    90.4    85.8
 86    8    88.8    88.2    87.3    89.5    99.7    85.5    90.7    86.0
 86    9    88.7    88.2    87.8    88.9    98.2    85.8    90.7    85.8
 86   10    89.5    88.9    87.9    90.3    99.4    87.3    91.6    86.5
 86   11    89.9    89.3    88.2    90.6   100.6    88.0    91.9    87.2
 86   12    90.8    90.3    89.1    91.8   100.0    87.9    93.1    87.5
 87    1    90.2    89.6    88.5    91.0   100.6    87.6    92.1    87.4
 87    2    91.2    91.0    90.2    92.0   100.5    86.2    93.3    88.2
 87    3    91.6    91.2    90.2    92.4   100.4    88.4    93.7    88.5
 87    4    92.0    91.6    90.8    92.8   100.5    88.2    93.9    89.1
 87    5    92.4    91.9    90.8    93.3   100.9    89.8    94.3    89.5
 87    6    93.2    92.8    91.9    94.1   101.0    89.9    95.3    90.1
 87    7    93.7    93.4    92.1    95.2   100.4    90.9    95.7    90.9
 87    8    93.8    93.3    92.2    94.7   103.1    91.7    95.8    91.0
 87    9    93.7    93.4    92.4    94.6   103.1    89.3    95.6    91.1
 87   10    95.0    94.6    94.6    94.8   104.3    91.1    96.8    92.4
 87   11    95.3    95.1    94.9    95.3   105.0    89.4    96.9    92.9
 87   12    95.9    95.6    95.6    95.8   105.3    90.1    97.2    93.8
 88    1    95.9    95.4    95.6    95.3   104.1    94.0    97.7    93.4
 88    2    96.2    95.8    95.9    95.8   104.4    93.9    98.1    93.6
 88    3    96.3    95.7    95.8    95.7   105.6    93.9    97.9    93.9
 88    4    96.8    96.7    97.2    96.2   104.7    91.4    98.6    94.2
 88    5    96.9    96.6    97.7    95.3   105.6    92.7    98.5    94.5
 88    6    97.0    96.6    97.8    95.1   105.6    93.5    98.3    94.9
 88    7    97.6    97.3    98.4    96.0   105.2    94.7    98.9    95.7
 88    8    98.1    97.5    98.5    96.4   105.7    98.0    99.6    95.9
 88    9    97.8    97.7    99.3    96.0   104.0    93.0    99.3    95.5
 88   10    98.0    97.9    99.3    96.4   104.0    93.9    99.6    95.7
 88   11    98.8    98.9   100.7    96.7   103.7    93.6   100.2    96.6
 88   12    99.3    99.4   101.2    97.4   103.9    93.7   100.8    97.0
 89    1    99.8   100.3   102.4    97.9   103.4    91.7   101.4    97.5
 89    2    99.0    99.1   101.0    97.0   101.9    95.6   100.5    96.9
 89    3   100.0    99.9   101.3    98.4   102.3    98.4   101.5    97.7
 89    4   100.2   100.0   101.9    97.9   104.9    98.0   101.8    97.9
 89    5    99.6    99.4   101.0    97.6   104.8    97.2   100.9    97.6
 89    6    99.4    99.4   101.1    97.5   103.4    96.0   101.1    97.0
 89    7    98.4    98.3   100.0    96.5   102.8    95.6    99.7    96.5
 89    8    98.8    98.7   100.4    96.8   103.8    96.1   100.2    96.8
 89    9    98.6    98.4   100.1    96.5   103.7    96.6   100.2    96.3
 89   10    98.2    97.8    98.4    97.3   102.8    97.6    99.3    96.5
 89   11    98.6    98.2    98.7    97.7   103.5    98.1    99.9    96.6
 89   12    99.0    98.3    99.6    96.9   101.2   104.8   100.9    96.3
 90    1    98.6    98.1    98.0    98.2   105.2    97.3   100.2    96.2
 90    2    99.1    99.0    99.4    98.6   104.6    94.8   100.6    96.9
 90    3    99.6    99.3   100.2    98.4   104.4    97.6   101.1    97.3
 90    4    99.0    98.6    99.2    97.8   104.9    97.9   100.0    97.4
 90    5    99.4    99.0    99.9    97.9   104.7    98.6   100.5    97.6
 90    6    99.3    98.9   100.0    97.6   104.5    99.8   100.3    97.8
 90    7    99.3    98.8    99.8    97.8   104.9    99.0   100.4    97.7
 90    8    99.5    99.1   100.1    98.0   104.4    99.3   100.4    98.0
 90    9    99.6    99.0   100.1    97.9   105.4   100.6   100.6    98.0
 90   10    99.1    98.4    99.1    97.8   105.9    99.5   100.0    97.6
 90   11    97.7    97.2    96.8    97.5   105.1    97.3    98.7    96.4
 90   12    97.2    96.6    95.7    97.5   103.7    97.8    98.2    95.6
 91    1    96.7    95.8    94.7    96.9   104.0   100.4    97.6    95.3
 91    2    95.9    95.1    93.9    96.4   105.3    97.0    96.8    94.6
 91    3    95.0    94.1    93.1    95.1   104.1    97.6    96.0    93.5
 91    4    95.4    94.4    93.7    95.2   103.5    98.9    96.4    93.8
 91    5    96.1    95.0    94.0    96.2   103.0   102.2    97.1    94.6
 91    6    97.2    96.3    95.7    97.0   103.0   102.1    98.5    95.3
 91    7    97.3    96.6    95.9    97.3   101.8   101.7    97.9    96.4
 91    8    97.4    96.8    96.1    97.5   101.4   101.5    97.7    97.1
 91    9    98.4    97.8    97.5    98.2   101.6   101.4    98.9    97.5
 91   10    98.3    97.8    97.3    98.3   101.5   100.9    98.5    97.9
 91   11    98.1    97.6    97.4    97.7   100.8   102.3    98.5    97.5
 91   12    97.5    97.1    96.5    97.7   100.9    99.3    97.7    97.2
 92    1    97.7    97.4    96.5    98.5   100.4    98.4    97.5    98.0
 92    2    98.3    98.1    97.9    98.3    99.4    98.9    98.3    98.2
 92    3    99.0    98.9    98.5    99.4    99.5    99.2    98.9    99.0
 92    4    99.8    99.6    99.4    99.8   100.5   100.6    99.9    99.6
 92    5   100.0   100.0   100.3    99.6   100.5    99.6   100.0    99.9
 92    6    99.7    99.8    99.8    99.8    99.6    98.0    99.3   100.3
 92    7   100.3   100.5   100.4   100.6   100.8    98.7   100.1   100.6
 92    8   100.0   100.2   100.2   100.2    99.2    98.6   100.2    99.7
 92    9   100.5   100.6   100.5   100.6    99.8    99.9   100.4   100.5
 92   10   101.2   101.3   101.6   100.9   100.2   101.5   101.4   101.0
 92   11   101.8   101.9   102.3   101.4   100.1   102.3   101.9   101.6
 92   12   101.8   101.7   102.6   100.8   100.0   104.3   102.1   101.5
 93    1   102.4   102.7   103.8   101.5   100.0   100.8   102.5   102.2
 93    2   102.8   102.9   104.1   101.6    99.6   104.5   102.7   103.0
 93    3   102.9   103.0   104.5   101.4    99.1   105.2   102.8   103.2
 93    4   103.3   103.6   105.3   101.8    99.2   103.5   103.0   103.8
 93    5   102.7   103.1   105.0   101.1    99.3   101.1   102.6   103.0
 93    6   102.9   103.1   104.8   101.3   100.4   102.9   102.3   103.9
 93    7   103.3   103.5   104.9   102.0    99.2   104.6   103.2   103.5
 93    8   103.1   103.2   104.4   101.9    99.3   105.4   103.0   103.3
 93    9   104.1   104.4   106.4   102.2   100.3   104.6   103.9   104.6
 93   10   104.4   104.6   107.3   101.7   101.8   104.4   103.9   105.3
 93   11   104.9   105.2   108.0   102.1   101.8   104.7   104.1   106.1
 93   12   105.7   106.0   109.4   102.4   101.9   105.0   104.7   107.3
