  -1.2382170e+02
  -1.2382200e+02
  -1.2381580e+02
  -1.2381430e+02
  -1.2381260e+02
  -1.2381170e+02
  -1.2381020e+02
  -1.2380930e+02
  -1.2380850e+02
  -1.2380820e+02
  -1.2380820e+02
  -1.2380730e+02
  -1.2380730e+02
  -1.2380820e+02
  -1.2380730e+02
  -1.2380700e+02
  -1.2380460e+02
  -1.2380460e+02
  -1.2380380e+02
  -1.2380380e+02
  -1.2380350e+02
  -1.2380260e+02
  -1.2380170e+02
  -1.2380080e+02
  -1.2380020e+02
  -1.2379940e+02
  -1.2379850e+02
  -1.2379760e+02
  -1.2379350e+02
  -1.2379260e+02
  -1.2379030e+02
  -1.2378680e+02
  -1.2378530e+02
  -1.2378410e+02
  -1.2378350e+02
  -1.2378260e+02
  -1.2378180e+02
  -1.2378000e+02
  -1.2377910e+02
  -1.2377850e+02
  -1.2377560e+02
  -1.2377560e+02
  -1.2377440e+02
  -1.2377360e+02
  -1.2377300e+02
  -1.2377380e+02
  -1.2377360e+02
  -1.2377270e+02
  -1.2377180e+02
  -1.2377090e+02
  -1.2376830e+02
  -1.2376770e+02
  -1.2376680e+02
  -1.2376590e+02
  -1.2376420e+02
  -1.2376360e+02
  -1.2376270e+02
  -1.2376180e+02
  -1.2376010e+02
  -1.2375920e+02
  -1.2375770e+02
  -1.2375680e+02
  -1.2375600e+02
  -1.2375360e+02
  -1.2375270e+02
  -1.2374800e+02
  -1.2374800e+02
  -1.2374630e+02
  -1.2374630e+02
  -1.2374540e+02
  -1.2374540e+02
  -1.2374390e+02
  -1.2374390e+02
  -1.2374300e+02
  -1.2374300e+02
  -1.2373890e+02
  -1.2373890e+02
  -1.2373830e+02
  -1.2373690e+02
  -1.2373600e+02
  -1.2373510e+02
  -1.2373420e+02
  -1.2373250e+02
  -1.2373190e+02
  -1.2373010e+02
  -1.2372930e+02
  -1.2372750e+02
  -1.2372660e+02
  -1.2372600e+02
  -1.2372310e+02
  -1.2372310e+02
  -1.2372250e+02
  -1.2371840e+02
  -1.2371630e+02
  -1.2371630e+02
  -1.2371520e+02
  -1.2371430e+02
  -1.2371310e+02
  -1.2371310e+02
  -1.2371220e+02
  -1.2371220e+02
  -1.2371190e+02
  -1.2371020e+02
  -1.2370930e+02
  -1.2370670e+02
  -1.2370640e+02
  -1.2370640e+02
  -1.2370730e+02
  -1.2370730e+02
  -1.2370810e+02
  -1.2370810e+02
  -1.2370870e+02
  -1.2370840e+02
  -1.2370610e+02
  -1.2370550e+02
  -1.2370550e+02
  -1.2370460e+02
  -1.2370460e+02
  -1.2370370e+02
  -1.2370400e+02
  -1.2370310e+02
  -1.2370310e+02
  -1.2370230e+02
  -1.2370230e+02
  -1.2370170e+02
  -1.2370110e+02
  -1.2370020e+02
  -1.2369850e+02
  -1.2369790e+02
  -1.2369790e+02
  -1.2369760e+02
  -1.2369670e+02
  -1.2369460e+02
  -1.2369460e+02
  -1.2369170e+02
  -1.2369140e+02
  -1.2369230e+02
  -1.2369230e+02
  -1.2369170e+02
  -1.2369080e+02
  -1.2369020e+02
  -1.2368850e+02
  -1.2368640e+02
  -1.2368640e+02
  -1.2368550e+02
  -1.2368580e+02
  -1.2368670e+02
  -1.2368940e+02
  -1.2368970e+02
  -1.2368880e+02
  -1.2368880e+02
  -1.2368820e+02
  -1.2368820e+02
  -1.2368440e+02
  -1.2368350e+02
  -1.2368260e+02
  -1.2368200e+02
  -1.2368230e+02
  -1.2368170e+02
  -1.2368090e+02
  -1.2368000e+02
  -1.2367670e+02
  -1.2367590e+02
  -1.2367500e+02
  -1.2367380e+02
  -1.2367380e+02
  -1.2367290e+02
  -1.2367290e+02
  -1.2367210e+02
  -1.2367210e+02
  -1.2367260e+02
  -1.2367410e+02
  -1.2367500e+02
  -1.2367560e+02
  -1.2367560e+02
  -1.2367670e+02
  -1.2367760e+02
  -1.2367790e+02
  -1.2367760e+02
  -1.2367670e+02
  -1.2367650e+02
  -1.2367650e+02
  -1.2367590e+02
  -1.2367410e+02
  -1.2367380e+02
  -1.2367380e+02
  -1.2367560e+02
  -1.2367560e+02
  -1.2367410e+02
  -1.2366590e+02
  -1.2366270e+02
  -1.2366180e+02
  -1.2366090e+02
  -1.2366000e+02
  -1.2365770e+02
  -1.2365680e+02
  -1.2365440e+02
  -1.2365360e+02
  -1.2365270e+02
  -1.2365210e+02
  -1.2365210e+02
  -1.2365180e+02
  -1.2364860e+02
  -1.2364800e+02
  -1.2364800e+02
  -1.2364770e+02
  -1.2364680e+02
  -1.2364620e+02
  -1.2364620e+02
  -1.2364560e+02
  -1.2364540e+02
  -1.2364480e+02
  -1.2364480e+02
  -1.2364390e+02
  -1.2364390e+02
  -1.2364120e+02
  -1.2364120e+02
  -1.2363980e+02
  -1.2363980e+02
  -1.2363920e+02
  -1.2363830e+02
  -1.2363800e+02
  -1.2363800e+02
  -1.2363680e+02
  -1.2363600e+02
  -1.2363510e+02
  -1.2363330e+02
  -1.2362920e+02
  -1.2362830e+02
  -1.2362100e+02
  -1.2361810e+02
  -1.2361810e+02
  -1.2361660e+02
  -1.2361430e+02
  -1.2361340e+02
  -1.2361250e+02
  -1.2361190e+02
  -1.2361020e+02
  -1.2360930e+02
  -1.2360660e+02
  -1.2360600e+02
  -1.2360430e+02
  -1.2360340e+02
  -1.2360190e+02
  -1.2360110e+02
  -1.2359750e+02
  -1.2359670e+02
  -1.2359430e+02
  -1.2359310e+02
  -1.2359310e+02
  -1.2359230e+02
  -1.2359230e+02
  -1.2358930e+02
  -1.2358840e+02
  -1.2358790e+02
  -1.2358790e+02
  -1.2358730e+02
  -1.2358790e+02
  -1.2358790e+02
  -1.2358960e+02
  -1.2358900e+02
  -1.2358900e+02
  -1.2358730e+02
  -1.2358730e+02
  -1.2358550e+02
  -1.2358550e+02
  -1.2358460e+02
  -1.2358460e+02
  -1.2358380e+02
  -1.2358400e+02
  -1.2358460e+02
  -1.2358460e+02
  -1.2358580e+02
  -1.2358670e+02
  -1.2358760e+02
  -1.2359200e+02
  -1.2359260e+02
  -1.2360020e+02
  -1.2360160e+02
  -1.2360250e+02
  -1.2360310e+02
  -1.2360310e+02
  -1.2360520e+02
  -1.2360750e+02
  -1.2360840e+02
  -1.2360930e+02
  -1.2360960e+02
  -1.2360990e+02
  -1.2360930e+02
  -1.2360840e+02
  -1.2360720e+02
  -1.2360720e+02
  -1.2360630e+02
  -1.2360630e+02
  -1.2360550e+02
  -1.2360550e+02
  -1.2360460e+02
  -1.2360460e+02
  -1.2360430e+02
  -1.2360340e+02
  -1.2360310e+02
  -1.2360310e+02
  -1.2360220e+02
  -1.2360220e+02
  -1.2360310e+02
  -1.2360220e+02
  -1.2360220e+02
  -1.2360140e+02
  -1.2360140e+02
  -1.2360110e+02
  -1.2360020e+02
  -1.2359960e+02
  -1.2359960e+02
  -1.2360050e+02
  -1.2359960e+02
  -1.2359960e+02
  -1.2359900e+02
  -1.2359900e+02
  -1.2359810e+02
  -1.2359810e+02
  -1.2359720e+02
  -1.2359720e+02
  -1.2359670e+02
  -1.2359610e+02
  -1.2359430e+02
  -1.2359340e+02
  -1.2359260e+02
  -1.2359170e+02
  -1.2359050e+02
  -1.2359050e+02
  -1.2359020e+02
  -1.2358610e+02
  -1.2358350e+02
  -1.2358260e+02
  -1.2358170e+02
  -1.2358020e+02
  -1.2357940e+02
  -1.2357670e+02
  -1.2357440e+02
  -1.2357170e+02
  -1.2357080e+02
  -1.2356670e+02
  -1.2356590e+02
  -1.2356440e+02
  -1.2356380e+02
  -1.2356380e+02
  -1.2356290e+02
  -1.2356290e+02
  -1.2356380e+02
  -1.2356380e+02
  -1.2356470e+02
  -1.2356470e+02
  -1.2356440e+02
  -1.2356350e+02
  -1.2356060e+02
  -1.2356060e+02
  -1.2355880e+02
  -1.2355880e+02
  -1.2355790e+02
  -1.2355790e+02
  -1.2355850e+02
  -1.2356530e+02
  -1.2356560e+02
  -1.2356560e+02
  -1.2356670e+02
  -1.2356760e+02
  -1.2356940e+02
  -1.2357080e+02
  -1.2357290e+02
  -1.2357290e+02
  -1.2357350e+02
  -1.2357670e+02
  -1.2357730e+02
  -1.2357730e+02
  -1.2357760e+02
  -1.2357940e+02
  -1.2358050e+02
  -1.2358050e+02
  -1.2357960e+02
  -1.2357960e+02
  -1.2357730e+02
  -1.2357730e+02
  -1.2357440e+02
  -1.2357350e+02
  -1.2357230e+02
  -1.2357230e+02
  -1.2357140e+02
  -1.2357140e+02
  -1.2357060e+02
  -1.2357060e+02
  -1.2357140e+02
  -1.2357140e+02
  -1.2357060e+02
  -1.2357060e+02
  -1.2357170e+02
  -1.2357260e+02
  -1.2357350e+02
  -1.2357440e+02
  -1.2357580e+02
  -1.2357760e+02
  -1.2358140e+02
  -1.2358140e+02
  -1.2358260e+02
  -1.2358670e+02
  -1.2359050e+02
  -1.2359050e+02
  -1.2359310e+02
  -1.2359310e+02
  -1.2359340e+02
  -1.2359430e+02
  -1.2359720e+02
  -1.2359720e+02
  -1.2359750e+02
  -1.2359840e+02
  -1.2359900e+02
  -1.2359900e+02
  -1.2359840e+02
  -1.2359750e+02
  -1.2359640e+02
  -1.2359640e+02
  -1.2359750e+02
  -1.2360340e+02
  -1.2360430e+02
  -1.2360520e+02
  -1.2360750e+02
  -1.2360840e+02
  -1.2360930e+02
  -1.2361250e+02
  -1.2361430e+02
  -1.2361600e+02
  -1.2361690e+02
  -1.2361750e+02
  -1.2361840e+02
  -1.2362010e+02
  -1.2362510e+02
  -1.2362600e+02
  -1.2362690e+02
  -1.2363190e+02
  -1.2363300e+02
  -1.2363300e+02
  -1.2363510e+02
  -1.2363600e+02
  -1.2363680e+02
  -1.2363920e+02
  -1.2364070e+02
  -1.2363920e+02
  -1.2363420e+02
  -1.2363390e+02
  -1.2363390e+02
  -1.2363480e+02
  -1.2363480e+02
  -1.2363570e+02
  -1.2363570e+02
  -1.2363600e+02
  -1.2364100e+02
  -1.2364180e+02
  -1.2364330e+02
  -1.2364420e+02
  -1.2364590e+02
  -1.2364650e+02
  -1.2364590e+02
  -1.2364330e+02
  -1.2364270e+02
  -1.2364180e+02
  -1.2364100e+02
  -1.2364010e+02
  -1.2363980e+02
  -1.2363980e+02
  -1.2363830e+02
  -1.2363770e+02
  -1.2363630e+02
  -1.2363680e+02
  -1.2363920e+02
  -1.2364100e+02
  -1.2364420e+02
  -1.2364560e+02
  -1.2364510e+02
  -1.2364270e+02
  -1.2364180e+02
  -1.2364010e+02
  -1.2363920e+02
  -1.2363740e+02
  -1.2363680e+02
  -1.2363510e+02
  -1.2363420e+02
  -1.2363190e+02
  -1.2363100e+02
  -1.2362920e+02
  -1.2362860e+02
  -1.2362780e+02
  -1.2362690e+02
  -1.2362420e+02
  -1.2362340e+02
  -1.2362190e+02
  -1.2362100e+02
  -1.2361190e+02
  -1.2361100e+02
  -1.2360840e+02
  -1.2360750e+02
  -1.2360600e+02
  -1.2360520e+02
  -1.2360250e+02
  -1.2360190e+02
  -1.2359930e+02
  -1.2359840e+02
  -1.2359520e+02
  -1.2359430e+02
  -1.2359170e+02
  -1.2359080e+02
  -1.2358840e+02
  -1.2358760e+02
  -1.2358520e+02
  -1.2358430e+02
  -1.2358260e+02
  -1.2358170e+02
  -1.2358080e+02
  -1.2357940e+02
  -1.2357850e+02
  -1.2357820e+02
  -1.2357820e+02
  -1.2357580e+02
  -1.2357500e+02
  -1.2357440e+02
  -1.2357080e+02
  -1.2356940e+02
  -1.2356850e+02
  -1.2356730e+02
  -1.2356730e+02
  -1.2356670e+02
  -1.2356590e+02
  -1.2356500e+02
  -1.2356440e+02
  -1.2356350e+02
  -1.2356260e+02
  -1.2356180e+02
  -1.2356090e+02
  -1.2355940e+02
  -1.2355760e+02
  -1.2355650e+02
  -1.2355650e+02
  -1.2355560e+02
  -1.2355560e+02
  -1.2355650e+02
  -1.2355650e+02
  -1.2355710e+02
  -1.2355710e+02
  -1.2355650e+02
  -1.2355650e+02
  -1.2355440e+02
  -1.2355350e+02
  -1.2355270e+02
  -1.2355180e+02
  -1.2355090e+02
  -1.2355000e+02
  -1.2354910e+02
  -1.2354850e+02
  -1.2354770e+02
  -1.2354590e+02
  -1.2354500e+02
  -1.2354440e+02
  -1.2354360e+02
  -1.2354270e+02
  -1.2354090e+02
  -1.2353920e+02
  -1.2353830e+02
  -1.2353770e+02
  -1.2353680e+02
  -1.2353590e+02
  -1.2353480e+02
  -1.2353480e+02
  -1.2353390e+02
  -1.2353390e+02
  -1.2353480e+02
  -1.2353480e+02
  -1.2353390e+02
  -1.2353390e+02
  -1.2353360e+02
  -1.2353270e+02
  -1.2353210e+02
  -1.2353210e+02
  -1.2353120e+02
  -1.2353120e+02
  -1.2353390e+02
  -1.2353390e+02
  -1.2353480e+02
  -1.2353390e+02
  -1.2353390e+02
  -1.2353300e+02
  -1.2353420e+02
  -1.2353510e+02
  -1.2353590e+02
  -1.2353680e+02
  -1.2353890e+02
  -1.2353890e+02
  -1.2353920e+02
  -1.2354270e+02
  -1.2354360e+02
  -1.2354850e+02
  -1.2355000e+02
  -1.2355090e+02
  -1.2355180e+02
  -1.2355350e+02
  -1.2355500e+02
  -1.2355590e+02
  -1.2355650e+02
  -1.2355650e+02
  -1.2355470e+02
  -1.2355470e+02
  -1.2355380e+02
  -1.2355380e+02
  -1.2355290e+02
  -1.2355290e+02
  -1.2355270e+02
  -1.2355180e+02
  -1.2355000e+02
  -1.2354850e+02
  -1.2354770e+02
  -1.2354680e+02
  -1.2354360e+02
  -1.2354270e+02
  -1.2354210e+02
  -1.2354210e+02
  -1.2354180e+02
  -1.2354090e+02
  -1.2353920e+02
  -1.2353860e+02
  -1.2353420e+02
  -1.2353360e+02
  -1.2353180e+02
  -1.2353090e+02
  -1.2353040e+02
  -1.2353040e+02
  -1.2352890e+02
  -1.2352890e+02
  -1.2352710e+02
  -1.2352710e+02
  -1.2352480e+02
  -1.2352480e+02
  -1.2352420e+02
  -1.2352330e+02
  -1.2352300e+02
  -1.2352300e+02
  -1.2351890e+02
  -1.2351890e+02
  -1.2351800e+02
  -1.2351800e+02
  -1.2351890e+02
  -1.2351890e+02
  -1.2352040e+02
  -1.2352070e+02
  -1.2352130e+02
  -1.2352130e+02
  -1.2352210e+02
  -1.2352210e+02
  -1.2352300e+02
  -1.2352300e+02
  -1.2352390e+02
  -1.2352300e+02
  -1.2352300e+02
  -1.2352210e+02
  -1.2352210e+02
  -1.2352160e+02
  -1.2352160e+02
  -1.2352040e+02
  -1.2352040e+02
  -1.2352130e+02
  -1.2352130e+02
  -1.2352210e+02
  -1.2352210e+02
  -1.2351980e+02
  -1.2351980e+02
  -1.2351890e+02
  -1.2351890e+02
  -1.2351830e+02
  -1.2351750e+02
  -1.2351570e+02
  -1.2351570e+02
  -1.2351480e+02
  -1.2351450e+02
  -1.2351750e+02
  -1.2351830e+02
  -1.2351890e+02
  -1.2351890e+02
  -1.2351980e+02
  -1.2351980e+02
  -1.2352070e+02
  -1.2352040e+02
  -1.2352100e+02
  -1.2352600e+02
  -1.2352680e+02
  -1.2352860e+02
  -1.2352920e+02
  -1.2353270e+02
  -1.2353360e+02
  -1.2353420e+02
  -1.2353510e+02
  -1.2353680e+02
  -1.2353770e+02
  -1.2354180e+02
  -1.2354270e+02
  -1.2354850e+02
  -1.2355270e+02
  -1.2355440e+02
  -1.2355470e+02
  -1.2355470e+02
  -1.2355560e+02
  -1.2355560e+02
  -1.2355730e+02
  -1.2355710e+02
  -1.2355790e+02
  -1.2355790e+02
  -1.2355710e+02
  -1.2355710e+02
  -1.2355650e+02
  -1.2355650e+02
  -1.2355560e+02
  -1.2355560e+02
  -1.2355270e+02
  -1.2355180e+02
  -1.2354770e+02
  -1.2354680e+02
  -1.2354470e+02
  -1.2354470e+02
  -1.2354390e+02
  -1.2354390e+02
  -1.2354470e+02
  -1.2354300e+02
  -1.2354300e+02
  -1.2354210e+02
  -1.2354210e+02
  -1.2354440e+02
  -1.2354590e+02
  -1.2354710e+02
  -1.2354710e+02
  -1.2354800e+02
  -1.2354680e+02
  -1.2354500e+02
  -1.2354440e+02
  -1.2354270e+02
  -1.2354090e+02
  -1.2354000e+02
  -1.2353890e+02
  -1.2353890e+02
  -1.2353710e+02
  -1.2353710e+02
  -1.2353560e+02
  -1.2353560e+02
  -1.2353480e+02
  -1.2353480e+02
  -1.2353390e+02
  -1.2353560e+02
  -1.2353560e+02
  -1.2353650e+02
  -1.2353650e+02
  -1.2353710e+02
  -1.2353710e+02
  -1.2353800e+02
  -1.2353800e+02
  -1.2353890e+02
  -1.2353890e+02
  -1.2353800e+02
  -1.2353890e+02
  -1.2353890e+02
  -1.2353860e+02
  -1.2353270e+02
  -1.2353180e+02
  -1.2352680e+02
  -1.2352600e+02
  -1.2352190e+02
  -1.2352100e+02
  -1.2351920e+02
  -1.2351830e+02
  -1.2351750e+02
  -1.2351690e+02
  -1.2351510e+02
  -1.2351420e+02
  -1.2350920e+02
  -1.2350840e+02
  -1.2350780e+02
  -1.2350630e+02
  -1.2350630e+02
  -1.2350430e+02
  -1.2350340e+02
  -1.2350280e+02
  -1.2350190e+02
  -1.2350010e+02
  -1.2349930e+02
  -1.2349840e+02
  -1.2349780e+02
  -1.2349600e+02
  -1.2349520e+02
  -1.2349460e+02
  -1.2349460e+02
  -1.2349340e+02
  -1.2349250e+02
  -1.2349220e+02
  -1.2349220e+02
  -1.2349190e+02
  -1.2349020e+02
  -1.2348960e+02
  -1.2348960e+02
  -1.2348750e+02
  -1.2348250e+02
  -1.2348170e+02
  -1.2347840e+02
  -1.2347760e+02
  -1.2347580e+02
  -1.2347460e+02
  -1.2347460e+02
  -1.2347370e+02
  -1.2347370e+02
  -1.2347460e+02
  -1.2347460e+02
  -1.2347430e+02
  -1.2347260e+02
  -1.2347170e+02
  -1.2347140e+02
  -1.2347140e+02
  -1.2347020e+02
  -1.2346350e+02
  -1.2346290e+02
  -1.2346290e+02
  -1.2346440e+02
  -1.2346490e+02
  -1.2346640e+02
  -1.2346640e+02
  -1.2346760e+02
  -1.2346930e+02
  -1.2346960e+02
  -1.2346960e+02
  -1.2347020e+02
  -1.2347110e+02
  -1.2347140e+02
  -1.2347140e+02
  -1.2347020e+02
  -1.2346930e+02
  -1.2346730e+02
  -1.2346730e+02
  -1.2346640e+02
  -1.2346640e+02
  -1.2346760e+02
  -1.2346850e+02
  -1.2346930e+02
  -1.2347080e+02
  -1.2347230e+02
  -1.2347230e+02
  -1.2347260e+02
  -1.2347430e+02
  -1.2347490e+02
  -1.2347580e+02
  -1.2347670e+02
  -1.2348020e+02
  -1.2348110e+02
  -1.2348170e+02
  -1.2348230e+02
  -1.2348230e+02
  -1.2348170e+02
  -1.2347700e+02
  -1.2347640e+02
  -1.2347700e+02
  -1.2347840e+02
  -1.2348140e+02
  -1.2348140e+02
  -1.2348050e+02
  -1.2348050e+02
  -1.2348140e+02
  -1.2348140e+02
  -1.2348050e+02
  -1.2348140e+02
  -1.2348140e+02
  -1.2347870e+02
  -1.2347870e+02
  -1.2347840e+02
  -1.2347760e+02
  -1.2347670e+02
  -1.2347610e+02
  -1.2347460e+02
  -1.2347460e+02
  -1.2347320e+02
  -1.2347290e+02
  -1.2347140e+02
  -1.2347140e+02
  -1.2346640e+02
  -1.2346640e+02
  -1.2346760e+02
  -1.2347020e+02
  -1.2347110e+02
  -1.2347520e+02
  -1.2347550e+02
  -1.2347550e+02
  -1.2347580e+02
  -1.2347930e+02
  -1.2347960e+02
  -1.2347960e+02
  -1.2347840e+02
  -1.2347760e+02
  -1.2347730e+02
  -1.2347730e+02
  -1.2347550e+02
  -1.2347550e+02
  -1.2347430e+02
  -1.2347170e+02
  -1.2347080e+02
  -1.2347020e+02
  -1.2346760e+02
  -1.2346440e+02
  -1.2346380e+02
  -1.2346380e+02
  -1.2346260e+02
  -1.2346170e+02
  -1.2346080e+02
  -1.2345940e+02
  -1.2345760e+02
  -1.2345670e+02
  -1.2345580e+02
  -1.2345090e+02
  -1.2344850e+02
  -1.2344760e+02
  -1.2344650e+02
  -1.2344790e+02
  -1.2344790e+02
  -1.2345060e+02
  -1.2345060e+02
  -1.2345140e+02
  -1.2345140e+02
  -1.2345170e+02
  -1.2345260e+02
  -1.2345350e+02
  -1.2345500e+02
  -1.2345580e+02
  -1.2346020e+02
  -1.2346080e+02
  -1.2346580e+02
  -1.2346670e+02
  -1.2347260e+02
  -1.2347370e+02
  -1.2347370e+02
  -1.2347320e+02
  -1.2347320e+02
  -1.2347340e+02
  -1.2347670e+02
  -1.2347760e+02
  -1.2347840e+02
  -1.2347960e+02
  -1.2347870e+02
  -1.2347930e+02
  -1.2348020e+02
  -1.2348110e+02
  -1.2348250e+02
  -1.2348310e+02
  -1.2348310e+02
  -1.2348250e+02
  -1.2348170e+02
  -1.2348140e+02
  -1.2348250e+02
  -1.2348340e+02
  -1.2348430e+02
  -1.2348670e+02
  -1.2348750e+02
  -1.2348840e+02
  -1.2348960e+02
  -1.2348930e+02
  -1.2348840e+02
  -1.2348750e+02
  -1.2348610e+02
  -1.2348550e+02
  -1.2348550e+02
  -1.2348520e+02
  -1.2348430e+02
  -1.2348340e+02
  -1.2348110e+02
  -1.2348020e+02
  -1.2347840e+02
  -1.2347760e+02
  -1.2347670e+02
  -1.2347550e+02
  -1.2347550e+02
  -1.2347580e+02
  -1.2347700e+02
  -1.2347730e+02
  -1.2347520e+02
  -1.2347430e+02
  -1.2347370e+02
  -1.2347460e+02
  -1.2347460e+02
  -1.2347520e+02
  -1.2347670e+02
  -1.2347760e+02
  -1.2348340e+02
  -1.2348430e+02
  -1.2348520e+02
  -1.2348640e+02
  -1.2348550e+02
  -1.2348550e+02
  -1.2348340e+02
  -1.2348250e+02
  -1.2348170e+02
  -1.2347840e+02
  -1.2347760e+02
  -1.2347340e+02
  -1.2347260e+02
  -1.2346930e+02
  -1.2346850e+02
  -1.2345760e+02
  -1.2345670e+02
  -1.2345030e+02
  -1.2344850e+02
  -1.2343850e+02
  -1.2343770e+02
  -1.2343680e+02
  -1.2343590e+02
  -1.2343360e+02
  -1.2343270e+02
  -1.2343090e+02
  -1.2343000e+02
  -1.2342860e+02
  -1.2342770e+02
  -1.2342680e+02
  -1.2342420e+02
  -1.2342180e+02
  -1.2342010e+02
  -1.2341420e+02
  -1.2341360e+02
  -1.2341270e+02
  -1.2341100e+02
  -1.2340920e+02
  -1.2340830e+02
  -1.2340690e+02
  -1.2340600e+02
  -1.2340330e+02
  -1.2340220e+02
  -1.2340220e+02
  -1.2340330e+02
  -1.2340510e+02
  -1.2340540e+02
  -1.2340540e+02
  -1.2340510e+02
  -1.2340420e+02
  -1.2340330e+02
  -1.2340280e+02
  -1.2340190e+02
  -1.2340100e+02
  -1.2340070e+02
  -1.2340070e+02
  -1.2339920e+02
  -1.2339840e+02
  -1.2339810e+02
  -1.2339810e+02
  -1.2339890e+02
  -1.2339840e+02
  -1.2339750e+02
  -1.2339720e+02
  -1.2339720e+02
  -1.2339630e+02
  -1.2339780e+02
  -1.2340600e+02
  -1.2340690e+02
  -1.2340830e+02
  -1.2340920e+02
  -1.2341180e+02
  -1.2341300e+02
  -1.2341300e+02
  -1.2341390e+02
  -1.2341390e+02
  -1.2341510e+02
  -1.2341770e+02
  -1.2341830e+02
  -1.2341920e+02
  -1.2342010e+02
  -1.2342090e+02
  -1.2342210e+02
  -1.2342180e+02
  -1.2342010e+02
  -1.2341830e+02
  -1.2341680e+02
  -1.2341600e+02
  -1.2341570e+02
  -1.2341570e+02
  -1.2341480e+02
  -1.2341480e+02
  -1.2341510e+02
  -1.2341600e+02
  -1.2341680e+02
  -1.2341920e+02
  -1.2342060e+02
  -1.2342010e+02
  -1.2341600e+02
  -1.2341270e+02
  -1.2341180e+02
  -1.2340920e+02
  -1.2340890e+02
  -1.2340890e+02
  -1.2340920e+02
  -1.2341010e+02
  -1.2341070e+02
  -1.2341010e+02
  -1.2340920e+02
  -1.2340830e+02
  -1.2340690e+02
  -1.2340570e+02
  -1.2340720e+02
  -1.2340690e+02
  -1.2340420e+02
  -1.2340280e+02
  -1.2339920e+02
  -1.2339810e+02
  -1.2339810e+02
  -1.2339920e+02
  -1.2340190e+02
  -1.2340220e+02
  -1.2340220e+02
  -1.2340100e+02
  -1.2339780e+02
  -1.2339690e+02
  -1.2339600e+02
  -1.2339510e+02
  -1.2339250e+02
  -1.2339220e+02
  -1.2339220e+02
  -1.2339400e+02
  -1.2339400e+02
  -1.2339630e+02
  -1.2339540e+02
  -1.2339570e+02
  -1.2339510e+02
  -1.2339420e+02
  -1.2339400e+02
  -1.2339400e+02
  -1.2339310e+02
  -1.2339310e+02
  -1.2339340e+02
  -1.2339420e+02
  -1.2339480e+02
  -1.2339450e+02
  -1.2339510e+02
  -1.2339600e+02
  -1.2339720e+02
  -1.2339720e+02
  -1.2339750e+02
  -1.2339840e+02
  -1.2340890e+02
  -1.2340890e+02
  -1.2340980e+02
  -1.2340980e+02
  -1.2340720e+02
  -1.2340720e+02
  -1.2340630e+02
  -1.2340630e+02
  -1.2340480e+02
  -1.2340480e+02
  -1.2340300e+02
  -1.2340300e+02
  -1.2340130e+02
  -1.2340130e+02
  -1.2340100e+02
  -1.2340010e+02
  -1.2339890e+02
  -1.2339890e+02
  -1.2339540e+02
  -1.2339540e+02
  -1.2339480e+02
  -1.2339480e+02
  -1.2339400e+02
  -1.2339400e+02
  -1.2339310e+02
  -1.2339310e+02
  -1.2339100e+02
  -1.2338930e+02
  -1.2338870e+02
  -1.2338900e+02
  -1.2339040e+02
  -1.2339040e+02
  -1.2338840e+02
  -1.2338690e+02
  -1.2338600e+02
  -1.2338160e+02
  -1.2338100e+02
  -1.2337750e+02
  -1.2337720e+02
  -1.2337810e+02
  -1.2337750e+02
  -1.2337690e+02
  -1.2337520e+02
  -1.2337430e+02
  -1.2337400e+02
  -1.2337400e+02
  -1.2337310e+02
  -1.2337310e+02
  -1.2337250e+02
  -1.2337170e+02
  -1.2337050e+02
  -1.2337050e+02
  -1.2336960e+02
  -1.2336960e+02
  -1.2337050e+02
  -1.2337050e+02
  -1.2337140e+02
  -1.2337050e+02
  -1.2337050e+02
  -1.2337020e+02
  -1.2336930e+02
  -1.2336870e+02
  -1.2336960e+02
  -1.2336960e+02
  -1.2337050e+02
  -1.2337050e+02
  -1.2336870e+02
  -1.2336870e+02
  -1.2336810e+02
  -1.2336780e+02
  -1.2336730e+02
  -1.2336730e+02
  -1.2336640e+02
  -1.2336640e+02
  -1.2336730e+02
  -1.2336730e+02
  -1.2336640e+02
  -1.2336640e+02
  -1.2336610e+02
  -1.2336520e+02
  -1.2336430e+02
  -1.2336200e+02
  -1.2336140e+02
  -1.2336140e+02
  -1.2336230e+02
  -1.2336230e+02
  -1.2336310e+02
  -1.2336310e+02
  -1.2336370e+02
  -1.2336370e+02
  -1.2336460e+02
  -1.2336230e+02
  -1.2336230e+02
  -1.2336140e+02
  -1.2336230e+02
  -1.2336230e+02
  -1.2336140e+02
  -1.2336140e+02
  -1.2336230e+02
  -1.2336230e+02
  -1.2336310e+02
  -1.2336310e+02
  -1.2336370e+02
  -1.2336370e+02
  -1.2336460e+02
  -1.2336460e+02
  -1.2336550e+02
  -1.2336460e+02
  -1.2336460e+02
  -1.2336550e+02
  -1.2336460e+02
  -1.2336460e+02
  -1.2336430e+02
  -1.2336340e+02
  -1.2336310e+02
  -1.2336310e+02
  -1.2336260e+02
  -1.2336170e+02
  -1.2336110e+02
  -1.2336020e+02
  -1.2335930e+02
  -1.2335850e+02
  -1.2335760e+02
  -1.2335670e+02
  -1.2335260e+02
  -1.2335170e+02
  -1.2335020e+02
  -1.2334760e+02
  -1.2334580e+02
  -1.2334440e+02
  -1.2334090e+02
  -1.2334000e+02
  -1.2333940e+02
  -1.2333850e+02
  -1.2333760e+02
  -1.2333670e+02
  -1.2333590e+02
  -1.2333500e+02
  -1.2333440e+02
  -1.2333260e+02
  -1.2333180e+02
  -1.2333090e+02
  -1.2333030e+02
  -1.2332850e+02
  -1.2332770e+02
  -1.2332350e+02
  -1.2332270e+02
  -1.2331770e+02
  -1.2331710e+02
  -1.2331710e+02
  -1.2331620e+02
  -1.2331620e+02
  -1.2331590e+02
  -1.2331420e+02
  -1.2331270e+02
  -1.2331180e+02
  -1.2331090e+02
  -1.2330740e+02
  -1.2330680e+02
  -1.2330590e+02
  -1.2330480e+02
  -1.2330480e+02
  -1.2330210e+02
  -1.2330210e+02
  -1.2330180e+02
  -1.2330100e+02
  -1.2330040e+02
  -1.2330070e+02
  -1.2329980e+02
  -1.2329980e+02
  -1.2330010e+02
  -1.2330180e+02
  -1.2330210e+02
  -1.2330210e+02
  -1.2330130e+02
  -1.2330130e+02
  -1.2330100e+02
  -1.2330010e+02
  -1.2329770e+02
  -1.2329690e+02
  -1.2329420e+02
  -1.2329330e+02
  -1.2329270e+02
  -1.2329130e+02
  -1.2329130e+02
  -1.2329100e+02
  -1.2328830e+02
  -1.2328750e+02
  -1.2328690e+02
  -1.2328510e+02
  -1.2328340e+02
  -1.2328280e+02
  -1.2328190e+02
  -1.2328130e+02
  -1.2328130e+02
  -1.2328040e+02
  -1.2328070e+02
  -1.2328010e+02
  -1.2327660e+02
  -1.2327600e+02
  -1.2327510e+02
  -1.2327460e+02
  -1.2327460e+02
  -1.2327310e+02
  -1.2327310e+02
  -1.2327250e+02
  -1.2327190e+02
  -1.2327100e+02
  -1.2327020e+02
  -1.2326990e+02
  -1.2326990e+02
  -1.2326840e+02
  -1.2326750e+02
  -1.2326660e+02
  -1.2326600e+02
  -1.2326460e+02
  -1.2326460e+02
  -1.2326550e+02
  -1.2326550e+02
  -1.2326660e+02
  -1.2326840e+02
  -1.2326930e+02
  -1.2327160e+02
  -1.2327250e+02
  -1.2327430e+02
  -1.2327510e+02
  -1.2327920e+02
  -1.2328010e+02
  -1.2328100e+02
  -1.2328340e+02
  -1.2328420e+02
  -1.2328510e+02
  -1.2328600e+02
  -1.2328890e+02
  -1.2328890e+02
  -1.2328920e+02
  -1.2329420e+02
  -1.2329510e+02
  -1.2329600e+02
  -1.2329800e+02
  -1.2329800e+02
  -1.2329890e+02
  -1.2329860e+02
  -1.2329690e+02
  -1.2329420e+02
  -1.2329330e+02
  -1.2329190e+02
  -1.2329130e+02
  -1.2329130e+02
  -1.2329070e+02
  -1.2329040e+02
  -1.2329130e+02
  -1.2329130e+02
  -1.2329040e+02
  -1.2329040e+02
  -1.2329220e+02
  -1.2329220e+02
  -1.2329130e+02
  -1.2329130e+02
  -1.2329190e+02
  -1.2329600e+02
  -1.2329690e+02
  -1.2329920e+02
  -1.2330010e+02
  -1.2330100e+02
  -1.2330130e+02
  -1.2330130e+02
  -1.2330300e+02
  -1.2330300e+02
  -1.2330390e+02
  -1.2330390e+02
  -1.2330510e+02
  -1.2330590e+02
  -1.2330650e+02
  -1.2330620e+02
  -1.2330590e+02
  -1.2330270e+02
  -1.2330210e+02
  -1.2330210e+02
  -1.2330180e+02
  -1.2330100e+02
  -1.2330070e+02
  -1.2330070e+02
  -1.2330010e+02
  -1.2329830e+02
  -1.2329800e+02
  -1.2329800e+02
  -1.2329710e+02
  -1.2329710e+02
  -1.2329540e+02
  -1.2329540e+02
  -1.2329480e+02
  -1.2329480e+02
  -1.2329390e+02
  -1.2329390e+02
  -1.2329420e+02
  -1.2329860e+02
  -1.2329920e+02
  -1.2330180e+02
  -1.2330270e+02
  -1.2330420e+02
  -1.2330510e+02
  -1.2330680e+02
  -1.2330860e+02
  -1.2330920e+02
  -1.2331010e+02
  -1.2331330e+02
  -1.2331420e+02
  -1.2331500e+02
  -1.2331620e+02
  -1.2331560e+02
  -1.2331560e+02
  -1.2331590e+02
  -1.2331680e+02
  -1.2331860e+02
  -1.2332000e+02
  -1.2332090e+02
  -1.2332440e+02
  -1.2332620e+02
  -1.2332650e+02
  -1.2332560e+02
  -1.2332590e+02
  -1.2332680e+02
  -1.2332770e+02
  -1.2332940e+02
  -1.2332970e+02
  -1.2332880e+02
  -1.2332880e+02
  -1.2332910e+02
  -1.2333260e+02
  -1.2333350e+02
  -1.2333500e+02
  -1.2333670e+02
  -1.2333850e+02
  -1.2333910e+02
  -1.2334030e+02
  -1.2334260e+02
  -1.2334350e+02
  -1.2334440e+02
  -1.2334530e+02
  -1.2334580e+02
  -1.2334670e+02
  -1.2334760e+02
  -1.2334790e+02
  -1.2334790e+02
  -1.2334730e+02
  -1.2334730e+02
  -1.2334760e+02
  -1.2335020e+02
  -1.2335140e+02
  -1.2335140e+02
  -1.2335170e+02
  -1.2335260e+02
  -1.2335350e+02
  -1.2335580e+02
  -1.2335670e+02
  -1.2336170e+02
  -1.2336260e+02
  -1.2336520e+02
  -1.2336610e+02
  -1.2336670e+02
  -1.2336750e+02
  -1.2337110e+02
  -1.2337190e+02
  -1.2337610e+02
  -1.2337690e+02
  -1.2337750e+02
  -1.2337900e+02
  -1.2337900e+02
  -1.2337930e+02
  -1.2338020e+02
  -1.2338160e+02
  -1.2338280e+02
  -1.2338340e+02
  -1.2338430e+02
  -1.2338520e+02
  -1.2338840e+02
  -1.2338930e+02
  -1.2339010e+02
  -1.2339100e+02
  -1.2339130e+02
  -1.2339130e+02
  -1.2339100e+02
  -1.2339010e+02
  -1.2338930e+02
  -1.2338840e+02
  -1.2338720e+02
  -1.2338750e+02
  -1.2338930e+02
  -1.2338960e+02
  -1.2338810e+02
  -1.2338810e+02
  -1.2338750e+02
  -1.2338520e+02
  -1.2338430e+02
  -1.2338340e+02
  -1.2337840e+02
  -1.2337810e+02
  -1.2337810e+02
  -1.2337750e+02
  -1.2337520e+02
  -1.2337460e+02
  -1.2337460e+02
  -1.2337430e+02
  -1.2337340e+02
  -1.2337250e+02
  -1.2337110e+02
  -1.2337050e+02
  -1.2337140e+02
  -1.2337140e+02
  -1.2337170e+02
  -1.2337250e+02
  -1.2337340e+02
  -1.2338160e+02
  -1.2338250e+02
  -1.2338340e+02
  -1.2338430e+02
  -1.2338750e+02
  -1.2338840e+02
  -1.2338930e+02
  -1.2339010e+02
  -1.2339100e+02
  -1.2339190e+02
  -1.2339340e+02
  -1.2339420e+02
  -1.2339690e+02
  -1.2339720e+02
  -1.2339720e+02
  -1.2339480e+02
  -1.2339450e+02
  -1.2339510e+02
  -1.2339600e+02
  -1.2339630e+02
  -1.2339600e+02
  -1.2339510e+02
  -1.2339450e+02
  -1.2339450e+02
  -1.2339510e+02
  -1.2339600e+02
  -1.2339690e+02
  -1.2340100e+02
  -1.2340190e+02
  -1.2340280e+02
  -1.2340330e+02
  -1.2340690e+02
  -1.2340740e+02
  -1.2341010e+02
  -1.2341040e+02
  -1.2341040e+02
  -1.2341130e+02
  -1.2341130e+02
  -1.2341180e+02
  -1.2341420e+02
  -1.2341600e+02
  -1.2341680e+02
  -1.2341770e+02
  -1.2341920e+02
  -1.2341980e+02
  -1.2341980e+02
  -1.2342060e+02
  -1.2341980e+02
  -1.2342180e+02
  -1.2342270e+02
  -1.2342500e+02
  -1.2342590e+02
  -1.2342680e+02
  -1.2342770e+02
  -1.2343180e+02
  -1.2343270e+02
  -1.2343300e+02
  -1.2343300e+02
  -1.2343360e+02
  -1.2343410e+02
  -1.2343500e+02
  -1.2343680e+02
  -1.2343710e+02
  -1.2343710e+02
  -1.2343880e+02
  -1.2343880e+02
  -1.2343940e+02
  -1.2344000e+02
  -1.2344060e+02
  -1.2344060e+02
  -1.2343940e+02
  -1.2343850e+02
  -1.2343770e+02
  -1.2343180e+02
  -1.2343000e+02
  -1.2342680e+02
  -1.2342590e+02
  -1.2342090e+02
  -1.2342060e+02
  -1.2342090e+02
  -1.2342180e+02
  -1.2342270e+02
  -1.2342360e+02
  -1.2342420e+02
  -1.2342680e+02
  -1.2342770e+02
  -1.2343000e+02
  -1.2343060e+02
  -1.2343060e+02
  -1.2343270e+02
  -1.2343360e+02
  -1.2343410e+02
  -1.2343500e+02
  -1.2343560e+02
  -1.2343560e+02
  -1.2343650e+02
  -1.2343590e+02
  -1.2343270e+02
  -1.2343210e+02
  -1.2343210e+02
  -1.2343270e+02
  -1.2343360e+02
  -1.2343410e+02
  -1.2343500e+02
  -1.2343560e+02
  -1.2343560e+02
  -1.2343500e+02
  -1.2343360e+02
  -1.2343300e+02
  -1.2343410e+02
  -1.2344000e+02
  -1.2344180e+02
  -1.2344260e+02
  -1.2344350e+02
  -1.2344440e+02
  -1.2344470e+02
  -1.2344470e+02
  -1.2344500e+02
  -1.2344760e+02
  -1.2344940e+02
  -1.2345000e+02
  -1.2345090e+02
  -1.2345260e+02
  -1.2345350e+02
  -1.2345580e+02
  -1.2345640e+02
  -1.2345640e+02
  -1.2345060e+02
  -1.2345060e+02
  -1.2344970e+02
  -1.2344970e+02
  -1.2345060e+02
  -1.2344940e+02
  -1.2344760e+02
  -1.2344560e+02
  -1.2344790e+02
  -1.2344790e+02
  -1.2344730e+02
  -1.2344850e+02
  -1.2344940e+02
  -1.2345000e+02
  -1.2345170e+02
  -1.2345260e+02
  -1.2345530e+02
  -1.2345580e+02
  -1.2346350e+02
  -1.2346440e+02
  -1.2346670e+02
  -1.2346760e+02
  -1.2347020e+02
  -1.2347080e+02
  -1.2347260e+02
  -1.2347290e+02
  -1.2347290e+02
  -1.2347400e+02
  -1.2347260e+02
  -1.2347170e+02
  -1.2347080e+02
  -1.2347020e+02
  -1.2346930e+02
  -1.2346850e+02
  -1.2346580e+02
  -1.2346490e+02
  -1.2346260e+02
  -1.2346170e+02
  -1.2346020e+02
  -1.2345580e+02
  -1.2345560e+02
  -1.2345560e+02
  -1.2345470e+02
  -1.2345530e+02
  -1.2345580e+02
  -1.2345670e+02
  -1.2345760e+02
  -1.2346000e+02
  -1.2346080e+02
  -1.2346640e+02
  -1.2346640e+02
  -1.2346670e+02
  -1.2346760e+02
  -1.2346850e+02
  -1.2346930e+02
  -1.2347050e+02
  -1.2347050e+02
  -1.2347110e+02
  -1.2347170e+02
  -1.2347430e+02
  -1.2347520e+02
  -1.2347550e+02
  -1.2347550e+02
  -1.2347640e+02
  -1.2347640e+02
  -1.2348460e+02
  -1.2348490e+02
  -1.2348720e+02
  -1.2348720e+02
  -1.2348810e+02
  -1.2348810e+02
  -1.2348640e+02
  -1.2348640e+02
  -1.2348610e+02
  -1.2348520e+02
  -1.2348430e+02
  -1.2348250e+02
  -1.2348170e+02
  -1.2348140e+02
  -1.2348140e+02
  -1.2348080e+02
  -1.2347930e+02
  -1.2347870e+02
  -1.2347870e+02
  -1.2347810e+02
  -1.2347810e+02
  -1.2347730e+02
  -1.2347730e+02
  -1.2347840e+02
  -1.2347930e+02
  -1.2348020e+02
  -1.2348170e+02
  -1.2348250e+02
  -1.2348840e+02
  -1.2348930e+02
  -1.2349430e+02
  -1.2349520e+02
  -1.2350190e+02
  -1.2350280e+02
  -1.2350310e+02
  -1.2350310e+02
  -1.2350220e+02
  -1.2350220e+02
  -1.2350250e+02
  -1.2350750e+02
  -1.2350920e+02
  -1.2351330e+02
  -1.2351830e+02
  -1.2351920e+02
  -1.2352210e+02
  -1.2352210e+02
  -1.2352300e+02
  -1.2352300e+02
  -1.2352510e+02
  -1.2352680e+02
  -1.2352770e+02
  -1.2352830e+02
  -1.2352890e+02
  -1.2352890e+02
  -1.2353120e+02
  -1.2353120e+02
  -1.2353300e+02
  -1.2353300e+02
  -1.2353480e+02
  -1.2353480e+02
  -1.2353560e+02
  -1.2353560e+02
  -1.2353590e+02
  -1.2353680e+02
  -1.2353770e+02
  -1.2353920e+02
  -1.2354210e+02
  -1.2354210e+02
  -1.2354300e+02
  -1.2354300e+02
  -1.2354060e+02
  -1.2354060e+02
  -1.2353970e+02
  -1.2353970e+02
  -1.2353890e+02
  -1.2353890e+02
  -1.2353970e+02
  -1.2353920e+02
  -1.2353860e+02
  -1.2353770e+02
  -1.2353360e+02
  -1.2353300e+02
  -1.2353300e+02
  -1.2353180e+02
  -1.2352920e+02
  -1.2352830e+02
  -1.2352680e+02
  -1.2352630e+02
  -1.2352630e+02
  -1.2352770e+02
  -1.2352860e+02
  -1.2352920e+02
  -1.2353180e+02
  -1.2353510e+02
  -1.2353860e+02
  -1.2353920e+02
  -1.2354090e+02
  -1.2354270e+02
  -1.2354440e+02
  -1.2354500e+02
  -1.2354850e+02
  -1.2354940e+02
  -1.2355000e+02
  -1.2355270e+02
  -1.2355350e+02
  -1.2355440e+02
  -1.2355500e+02
  -1.2355590e+02
  -1.2355650e+02
  -1.2355650e+02
  -1.2355760e+02
  -1.2355850e+02
  -1.2355880e+02
  -1.2355880e+02
  -1.2355760e+02
  -1.2355680e+02
  -1.2355590e+02
  -1.2355500e+02
  -1.2355380e+02
  -1.2355380e+02
  -1.2355290e+02
  -1.2355290e+02
  -1.2355270e+02
  -1.2355180e+02
  -1.2355090e+02
  -1.2354850e+02
  -1.2354710e+02
  -1.2354710e+02
  -1.2354590e+02
  -1.2354500e+02
  -1.2354440e+02
  -1.2354360e+02
  -1.2353890e+02
  -1.2353890e+02
  -1.2353970e+02
  -1.2353970e+02
  -1.2354000e+02
  -1.2354090e+02
  -1.2354180e+02
  -1.2354360e+02
  -1.2354410e+02
  -1.2354590e+02
  -1.2354680e+02
  -1.2354770e+02
  -1.2354850e+02
  -1.2354940e+02
  -1.2355090e+02
  -1.2355180e+02
  -1.2355350e+02
  -1.2355440e+02
  -1.2355500e+02
  -1.2355590e+02
  -1.2355760e+02
  -1.2355850e+02
  -1.2355910e+02
  -1.2356350e+02
  -1.2356380e+02
  -1.2356380e+02
  -1.2356440e+02
  -1.2356500e+02
  -1.2356590e+02
  -1.2357440e+02
  -1.2357520e+02
  -1.2357940e+02
  -1.2358050e+02
  -1.2358050e+02
  -1.2358080e+02
  -1.2358170e+02
  -1.2358230e+02
  -1.2358140e+02
  -1.2358140e+02
  -1.2358260e+02
  -1.2358350e+02
  -1.2358520e+02
  -1.2358670e+02
  -1.2358840e+02
  -1.2358930e+02
  -1.2358960e+02
  -1.2358960e+02
  -1.2359170e+02
  -1.2359670e+02
  -1.2359750e+02
  -1.2360110e+02
  -1.2360140e+02
  -1.2360140e+02
  -1.2360160e+02
  -1.2360250e+02
  -1.2360310e+02
  -1.2360310e+02
  -1.2360110e+02
  -1.2360020e+02
  -1.2359990e+02
  -1.2359960e+02
  -1.2360050e+02
  -1.2360050e+02
  -1.2360020e+02
  -1.2359750e+02
  -1.2359670e+02
  -1.2359640e+02
  -1.2359640e+02
  -1.2359610e+02
  -1.2359520e+02
  -1.2359310e+02
  -1.2359310e+02
  -1.2359230e+02
  -1.2359230e+02
  -1.2359200e+02
  -1.2359080e+02
  -1.2359050e+02
  -1.2359050e+02
  -1.2358900e+02
  -1.2358900e+02
  -1.2358930e+02
  -1.2359020e+02
  -1.2359050e+02
  -1.2359050e+02
  -1.2359170e+02
  -1.2359260e+02
  -1.2359340e+02
  -1.2359670e+02
  -1.2359750e+02
  -1.2360250e+02
  -1.2360310e+02
  -1.2360310e+02
  -1.2360400e+02
  -1.2360400e+02
  -1.2360430e+02
  -1.2360840e+02
  -1.2360930e+02
  -1.2361190e+02
  -1.2361280e+02
  -1.2362780e+02
  -1.2362830e+02
  -1.2362920e+02
  -1.2363130e+02
  -1.2363130e+02
  -1.2363220e+02
  -1.2363220e+02
  -1.2363300e+02
  -1.2363300e+02
  -1.2363270e+02
  -1.2363100e+02
  -1.2363010e+02
  -1.2362920e+02
  -1.2362890e+02
  -1.2362890e+02
  -1.2362920e+02
  -1.2363190e+02
  -1.2363270e+02
  -1.2363420e+02
  -1.2363480e+02
  -1.2363480e+02
  -1.2363570e+02
  -1.2363570e+02
  -1.2363630e+02
  -1.2363630e+02
  -1.2363770e+02
  -1.2364330e+02
  -1.2364420e+02
  -1.2364510e+02
  -1.2364680e+02
  -1.2364860e+02
  -1.2364920e+02
  -1.2365420e+02
  -1.2365470e+02
  -1.2365470e+02
  -1.2365390e+02
  -1.2365440e+02
  -1.2365680e+02
  -1.2365770e+02
  -1.2365910e+02
  -1.2366000e+02
  -1.2366270e+02
  -1.2366350e+02
  -1.2366500e+02
  -1.2366590e+02
  -1.2366770e+02
  -1.2367000e+02
  -1.2367090e+02
  -1.2367150e+02
  -1.2367150e+02
  -1.2367260e+02
  -1.2367350e+02
  -1.2367500e+02
  -1.2367590e+02
  -1.2367670e+02
  -1.2367760e+02
  -1.2367850e+02
  -1.2368090e+02
  -1.2368470e+02
  -1.2368470e+02
  -1.2368530e+02
  -1.2369080e+02
  -1.2369170e+02
  -1.2369350e+02
  -1.2369430e+02
  -1.2369520e+02
  -1.2369610e+02
  -1.2369670e+02
  -1.2369760e+02
  -1.2370080e+02
  -1.2370170e+02
  -1.2370520e+02
  -1.2370670e+02
  -1.2370750e+02
  -1.2370840e+02
  -1.2370900e+02
  -1.2370870e+02
  -1.2370930e+02
  -1.2371080e+02
  -1.2371170e+02
  -1.2371340e+02
  -1.2371400e+02
  -1.2371370e+02
  -1.2371310e+02
  -1.2371310e+02
  -1.2371220e+02
  -1.2371220e+02
  -1.2371250e+02
  -1.2371430e+02
  -1.2371550e+02
  -1.2371550e+02
  -1.2371630e+02
  -1.2371630e+02
  -1.2371720e+02
  -1.2371720e+02
  -1.2371630e+02
  -1.2371630e+02
  -1.2371550e+02
  -1.2371630e+02
  -1.2371610e+02
  -1.2371520e+02
  -1.2371430e+02
  -1.2371250e+02
  -1.2371110e+02
  -1.2371020e+02
  -1.2370930e+02
  -1.2370840e+02
  -1.2370750e+02
  -1.2370520e+02
  -1.2370460e+02
  -1.2370460e+02
  -1.2370370e+02
  -1.2370370e+02
  -1.2370520e+02
  -1.2371610e+02
  -1.2371630e+02
  -1.2371630e+02
  -1.2371720e+02
  -1.2371660e+02
  -1.2371250e+02
  -1.2371140e+02
  -1.2371140e+02
  -1.2370960e+02
  -1.2370960e+02
  -1.2370840e+02
  -1.2370670e+02
  -1.2370610e+02
  -1.2370340e+02
  -1.2370080e+02
  -1.2369350e+02
  -1.2369260e+02
  -1.2368940e+02
  -1.2368760e+02
  -1.2368670e+02
  -1.2368580e+02
  -1.2368170e+02
  -1.2368140e+02
  -1.2368140e+02
  -1.2368060e+02
  -1.2368060e+02
  -1.2368140e+02
  -1.2368140e+02
  -1.2368000e+02
  -1.2367260e+02
  -1.2367230e+02
  -1.2367210e+02
  -1.2367180e+02
  -1.2367090e+02
  -1.2367000e+02
  -1.2366850e+02
  -1.2366770e+02
  -1.2366680e+02
  -1.2366590e+02
  -1.2366410e+02
  -1.2366350e+02
  -1.2366000e+02
  -1.2365910e+02
  -1.2365770e+02
  -1.2365590e+02
  -1.2365500e+02
  -1.2365420e+02
  -1.2365330e+02
  -1.2365270e+02
  -1.2365210e+02
  -1.2365210e+02
  -1.2365180e+02
  -1.2364680e+02
  -1.2364590e+02
  -1.2363680e+02
  -1.2363600e+02
  -1.2363480e+02
  -1.2363480e+02
  -1.2363540e+02
  -1.2363540e+02
  -1.2363800e+02
  -1.2363800e+02
  -1.2363770e+02
  -1.2363680e+02
  -1.2363540e+02
  -1.2363540e+02
  -1.2363630e+02
  -1.2363630e+02
  -1.2363570e+02
  -1.2363570e+02
  -1.2363630e+02
  -1.2363630e+02
  -1.2363890e+02
  -1.2363890e+02
  -1.2363710e+02
  -1.2363710e+02
  -1.2363680e+02
  -1.2363600e+02
  -1.2363480e+02
  -1.2363480e+02
  -1.2363510e+02
  -1.2363740e+02
  -1.2363830e+02
  -1.2363920e+02
  -1.2364180e+02
  -1.2364740e+02
  -1.2364830e+02
  -1.2364920e+02
  -1.2365210e+02
  -1.2365210e+02
  -1.2365270e+02
  -1.2365420e+02
  -1.2365500e+02
  -1.2365590e+02
  -1.2365860e+02
  -1.2365940e+02
  -1.2366060e+02
  -1.2366000e+02
  -1.2365860e+02
  -1.2365770e+02
  -1.2365500e+02
  -1.2365390e+02
  -1.2365390e+02
  -1.2365500e+02
  -1.2365940e+02
  -1.2366000e+02
  -1.2366090e+02
  -1.2366270e+02
  -1.2366440e+02
  -1.2366500e+02
  -1.2367850e+02
  -1.2367940e+02
  -1.2368170e+02
  -1.2368260e+02
  -1.2368350e+02
  -1.2368380e+02
  -1.2368380e+02
  -1.2368470e+02
  -1.2368470e+02
  -1.2368550e+02
  -1.2368550e+02
  -1.2368640e+02
  -1.2368640e+02
  -1.2368760e+02
  -1.2368850e+02
  -1.2368990e+02
  -1.2369260e+02
  -1.2369290e+02
  -1.2369290e+02
  -1.2369380e+02
  -1.2369380e+02
  -1.2369550e+02
  -1.2369550e+02
  -1.2369580e+02
  -1.2369760e+02
  -1.2369850e+02
  -1.2369930e+02
  -1.2370020e+02
  -1.2370080e+02
  -1.2370170e+02
  -1.2370520e+02
  -1.2370580e+02
  -1.2370750e+02
  -1.2370840e+02
  -1.2370930e+02
  -1.2371110e+02
  -1.2371250e+02
  -1.2371520e+02
  -1.2371610e+02
  -1.2371840e+02
  -1.2371930e+02
  -1.2372020e+02
  -1.2372160e+02
  -1.2372250e+02
  -1.2372340e+02
  -1.2372900e+02
  -1.2372900e+02
  -1.2373040e+02
  -1.2373040e+02
  -1.2372930e+02
  -1.2372660e+02
  -1.2372460e+02
  -1.2372490e+02
  -1.2372340e+02
  -1.2372190e+02
  -1.2372020e+02
  -1.2371930e+02
  -1.2371750e+02
  -1.2371660e+02
  -1.2371430e+02
  -1.2371340e+02
  -1.2371170e+02
  -1.2371050e+02
  -1.2371080e+02
  -1.2371930e+02
  -1.2372020e+02
  -1.2372190e+02
  -1.2372250e+02
  -1.2372600e+02
  -1.2372690e+02
  -1.2372930e+02
  -1.2373010e+02
  -1.2374100e+02
  -1.2374270e+02
  -1.2374330e+02
  -1.2374420e+02
  -1.2374920e+02
  -1.2375010e+02
  -1.2375180e+02
  -1.2375390e+02
  -1.2375390e+02
  -1.2375480e+02
  -1.2375480e+02
  -1.2375920e+02
  -1.2376010e+02
  -1.2376180e+02
  -1.2376420e+02
  -1.2376500e+02
  -1.2376680e+02
  -1.2376770e+02
  -1.2377000e+02
  -1.2377090e+02
  -1.2377770e+02
  -1.2377850e+02
  -1.2377940e+02
  -1.2378000e+02
  -1.2378180e+02
  -1.2378440e+02
  -1.2378530e+02
  -1.2378590e+02
  -1.2379670e+02
  -1.2379760e+02
  -1.2380020e+02
  -1.2380080e+02
  -1.2380350e+02
  -1.2380440e+02
  -1.2380760e+02
  -1.2380850e+02
  -1.2381110e+02
  -1.2381200e+02
  -1.2381260e+02
  -1.2381340e+02
  -1.2381580e+02
  -1.2381670e+02
  -1.2381840e+02
  -1.2381930e+02
  -1.2382340e+02
  -1.2382400e+02
  -1.2382400e+02
  -1.2382430e+02
  -1.2382520e+02
  -1.2382660e+02
  -1.2382750e+02
  -1.2382870e+02
  -1.2382870e+02
  -1.2382930e+02
  -1.2383020e+02
  -1.2383220e+02
  -1.2383220e+02
  -1.2383250e+02
  -1.2383340e+02
  -1.2383400e+02
  -1.2383370e+02
  -1.2383690e+02
  -1.2383840e+02
  -1.2383930e+02
  -1.2384250e+02
  -1.2384340e+02
  -1.2384750e+02
  -1.2384840e+02
  -1.2385010e+02
  -1.2385100e+02
  -1.2385330e+02
  -1.2385420e+02
  -1.2385510e+02
  -1.2385600e+02
  -1.2385690e+02
  -1.2385770e+02
  -1.2385830e+02
  -1.2385920e+02
  -1.2386100e+02
  -1.2386190e+02
  -1.2386360e+02
  -1.2386420e+02
  -1.2387180e+02
  -1.2387270e+02
  -1.2387360e+02
  -1.2387450e+02
  -1.2387770e+02
  -1.2387860e+02
  -1.2390030e+02
  -1.2390090e+02
  -1.2390440e+02
  -1.2390500e+02
  -1.2390590e+02
  -1.2390670e+02
  -1.2390850e+02
  -1.2390940e+02
  -1.2391080e+02
  -1.2391170e+02
  -1.2391260e+02
  -1.2391350e+02
  -1.2391520e+02
  -1.2391580e+02
  -1.2392170e+02
  -1.2392260e+02
  -1.2392430e+02
  -1.2392520e+02
  -1.2392670e+02
  -1.2392760e+02
  -1.2392840e+02
  -1.2393020e+02
  -1.2393340e+02
  -1.2393430e+02
  -1.2393520e+02
  -1.2393610e+02
  -1.2393750e+02
  -1.2393840e+02
  -1.2393930e+02
  -1.2394220e+02
  -1.2394220e+02
  -1.2394490e+02
  -1.2394460e+02
  -1.2394750e+02
  -1.2394840e+02
  -1.2394930e+02
  -1.2396750e+02
  -1.2396860e+02
  -1.2397010e+02
  -1.2397100e+02
  -1.2397190e+02
  -1.2397330e+02
  -1.2397420e+02
  -1.2397510e+02
  -1.2397600e+02
  -1.2397680e+02
  -1.2398010e+02
  -1.2398180e+02
  -1.2398590e+02
  -1.2398620e+02
  -1.2398620e+02
  -1.2398890e+02
  -1.2398890e+02
  -1.2398980e+02
  -1.2398980e+02
  -1.2399180e+02
  -1.2399330e+02
  -1.2399440e+02
  -1.2399590e+02
  -1.2400000e+02
   4.8999900e+01
   4.8999600e+01
   4.8999600e+01
   4.8997800e+01
   4.8997800e+01
   4.8996900e+01
   4.8996900e+01
   4.8996300e+01
   4.8996000e+01
   4.8995800e+01
   4.8994900e+01
   4.8994000e+01
   4.8990800e+01
   4.8989900e+01
   4.8989000e+01
   4.8988100e+01
   4.8985800e+01
   4.8984900e+01
   4.8984000e+01
   4.8982600e+01
   4.8982000e+01
   4.8982000e+01
   4.8981100e+01
   4.8981100e+01
   4.8980200e+01
   4.8980200e+01
   4.8979600e+01
   4.8979600e+01
   4.8975200e+01
   4.8975200e+01
   4.8972900e+01
   4.8972900e+01
   4.8971100e+01
   4.8971100e+01
   4.8970200e+01
   4.8970200e+01
   4.8969400e+01
   4.8969400e+01
   4.8968800e+01
   4.8968800e+01
   4.8965800e+01
   4.8964100e+01
   4.8962900e+01
   4.8962900e+01
   4.8963200e+01
   4.8964100e+01
   4.8964400e+01
   4.8964400e+01
   4.8965200e+01
   4.8964400e+01
   4.8964400e+01
   4.8963800e+01
   4.8963800e+01
   4.8962900e+01
   4.8962900e+01
   4.8962000e+01
   4.8962000e+01
   4.8961100e+01
   4.8961100e+01
   4.8960300e+01
   4.8960300e+01
   4.8959400e+01
   4.8959400e+01
   4.8957000e+01
   4.8957000e+01
   4.8952300e+01
   4.8951800e+01
   4.8950000e+01
   4.8949100e+01
   4.8948200e+01
   4.8947400e+01
   4.8945900e+01
   4.8945000e+01
   4.8944100e+01
   4.8943200e+01
   4.8939100e+01
   4.8938300e+01
   4.8938000e+01
   4.8937700e+01
   4.8937100e+01
   4.8937100e+01
   4.8936200e+01
   4.8936200e+01
   4.8935300e+01
   4.8935300e+01
   4.8934400e+01
   4.8934400e+01
   4.8933600e+01
   4.8933600e+01
   4.8930600e+01
   4.8930000e+01
   4.8929500e+01
   4.8929500e+01
   4.8927400e+01
   4.8925600e+01
   4.8924500e+01
   4.8924500e+01
   4.8923300e+01
   4.8921500e+01
   4.8920700e+01
   4.8919800e+01
   4.8919500e+01
   4.8919500e+01
   4.8918600e+01
   4.8918600e+01
   4.8919200e+01
   4.8924200e+01
   4.8925100e+01
   4.8925600e+01
   4.8926500e+01
   4.8928300e+01
   4.8929200e+01
   4.8929500e+01
   4.8929500e+01
   4.8929200e+01
   4.8928300e+01
   4.8927400e+01
   4.8925600e+01
   4.8925100e+01
   4.8923300e+01
   4.8922400e+01
   4.8920700e+01
   4.8919800e+01
   4.8919200e+01
   4.8918600e+01
   4.8918600e+01
   4.8917700e+01
   4.8917700e+01
   4.8917400e+01
   4.8909800e+01
   4.8909500e+01
   4.8909500e+01
   4.8907500e+01
   4.8906600e+01
   4.8903600e+01
   4.8904200e+01
   4.8904800e+01
   4.8905700e+01
   4.8906300e+01
   4.8906300e+01
   4.8905400e+01
   4.8905400e+01
   4.8903400e+01
   4.8900700e+01
   4.8899800e+01
   4.8899500e+01
   4.8899500e+01
   4.8901900e+01
   4.8901600e+01
   4.8900700e+01
   4.8899800e+01
   4.8899000e+01
   4.8898400e+01
   4.8894600e+01
   4.8894600e+01
   4.8893700e+01
   4.8894300e+01
   4.8894800e+01
   4.8895400e+01
   4.8895400e+01
   4.8896300e+01
   4.8896300e+01
   4.8895400e+01
   4.8895400e+01
   4.8894000e+01
   4.8893100e+01
   4.8892500e+01
   4.8891600e+01
   4.8890700e+01
   4.8889900e+01
   4.8889600e+01
   4.8891000e+01
   4.8891000e+01
   4.8891600e+01
   4.8892500e+01
   4.8893700e+01
   4.8893700e+01
   4.8893400e+01
   4.8892800e+01
   4.8892800e+01
   4.8892500e+01
   4.8890700e+01
   4.8890400e+01
   4.8890400e+01
   4.8889900e+01
   4.8889000e+01
   4.8887500e+01
   4.8886600e+01
   4.8885500e+01
   4.8885500e+01
   4.8881900e+01
   4.8881900e+01
   4.8881100e+01
   4.8881900e+01
   4.8881900e+01
   4.8882800e+01
   4.8882800e+01
   4.8883700e+01
   4.8883700e+01
   4.8884000e+01
   4.8884900e+01
   4.8885500e+01
   4.8885500e+01
   4.8884900e+01
   4.8884000e+01
   4.8883700e+01
   4.8883700e+01
   4.8883400e+01
   4.8881600e+01
   4.8880800e+01
   4.8878100e+01
   4.8877500e+01
   4.8874000e+01
   4.8873100e+01
   4.8872500e+01
   4.8869900e+01
   4.8869000e+01
   4.8867600e+01
   4.8865800e+01
   4.8865200e+01
   4.8865200e+01
   4.8864900e+01
   4.8864000e+01
   4.8862900e+01
   4.8862900e+01
   4.8862000e+01
   4.8863700e+01
   4.8863700e+01
   4.8862900e+01
   4.8862900e+01
   4.8859900e+01
   4.8857600e+01
   4.8856100e+01
   4.8856100e+01
   4.8855200e+01
   4.8855200e+01
   4.8854400e+01
   4.8854700e+01
   4.8853800e+01
   4.8853800e+01
   4.8852900e+01
   4.8852900e+01
   4.8852000e+01
   4.8852000e+01
   4.8851100e+01
   4.8851100e+01
   4.8850300e+01
   4.8850300e+01
   4.8849100e+01
   4.8848200e+01
   4.8847300e+01
   4.8845900e+01
   4.8842900e+01
   4.8842900e+01
   4.8842300e+01
   4.8841700e+01
   4.8840900e+01
   4.8840000e+01
   4.8839100e+01
   4.8837300e+01
   4.8836500e+01
   4.8835900e+01
   4.8834100e+01
   4.8833200e+01
   4.8831500e+01
   4.8829100e+01
   4.8828300e+01
   4.8826500e+01
   4.8825600e+01
   4.8825000e+01
   4.8824100e+01
   4.8823300e+01
   4.8822100e+01
   4.8822100e+01
   4.8821200e+01
   4.8821200e+01
   4.8822100e+01
   4.8822100e+01
   4.8820300e+01
   4.8820300e+01
   4.8820000e+01
   4.8819200e+01
   4.8817100e+01
   4.8817100e+01
   4.8816200e+01
   4.8816200e+01
   4.8815600e+01
   4.8814200e+01
   4.8813600e+01
   4.8813600e+01
   4.8812400e+01
   4.8811500e+01
   4.8810600e+01
   4.8809200e+01
   4.8808300e+01
   4.8806500e+01
   4.8805700e+01
   4.8804200e+01
   4.8803600e+01
   4.8803600e+01
   4.8803300e+01
   4.8801600e+01
   4.8800700e+01
   4.8798300e+01
   4.8797400e+01
   4.8796600e+01
   4.8795700e+01
   4.8794800e+01
   4.8793300e+01
   4.8792800e+01
   4.8792800e+01
   4.8793300e+01
   4.8794200e+01
   4.8794800e+01
   4.8795700e+01
   4.8796600e+01
   4.8797400e+01
   4.8798300e+01
   4.8799200e+01
   4.8801600e+01
   4.8802400e+01
   4.8803300e+01
   4.8803600e+01
   4.8803600e+01
   4.8805400e+01
   4.8805400e+01
   4.8806200e+01
   4.8806200e+01
   4.8807400e+01
   4.8808300e+01
   4.8808600e+01
   4.8808600e+01
   4.8806200e+01
   4.8806200e+01
   4.8805400e+01
   4.8805400e+01
   4.8804500e+01
   4.8804500e+01
   4.8801800e+01
   4.8802100e+01
   4.8801300e+01
   4.8801300e+01
   4.8800400e+01
   4.8800400e+01
   4.8799800e+01
   4.8797400e+01
   4.8796600e+01
   4.8793300e+01
   4.8792500e+01
   4.8791600e+01
   4.8790700e+01
   4.8790100e+01
   4.8789500e+01
   4.8789500e+01
   4.8786600e+01
   4.8785700e+01
   4.8784000e+01
   4.8783400e+01
   4.8782500e+01
   4.8779800e+01
   4.8779600e+01
   4.8779600e+01
   4.8779000e+01
   4.8778400e+01
   4.8776900e+01
   4.8776900e+01
   4.8775400e+01
   4.8775400e+01
   4.8773400e+01
   4.8771600e+01
   4.8771300e+01
   4.8771000e+01
   4.8770800e+01
   4.8769900e+01
   4.8769600e+01
   4.8769600e+01
   4.8768400e+01
   4.8765800e+01
   4.8764900e+01
   4.8761700e+01
   4.8759000e+01
   4.8758100e+01
   4.8755500e+01
   4.8755500e+01
   4.8754000e+01
   4.8753200e+01
   4.8752300e+01
   4.8749000e+01
   4.8748200e+01
   4.8747600e+01
   4.8746700e+01
   4.8745800e+01
   4.8744900e+01
   4.8744100e+01
   4.8742900e+01
   4.8742900e+01
   4.8743800e+01
   4.8743800e+01
   4.8745200e+01
   4.8745200e+01
   4.8749000e+01
   4.8751700e+01
   4.8752900e+01
   4.8752900e+01
   4.8756700e+01
   4.8757600e+01
   4.8759900e+01
   4.8760800e+01
   4.8761100e+01
   4.8761100e+01
   4.8764000e+01
   4.8767500e+01
   4.8767800e+01
   4.8767800e+01
   4.8767500e+01
   4.8760800e+01
   4.8760200e+01
   4.8760200e+01
   4.8759000e+01
   4.8757600e+01
   4.8756100e+01
   4.8756100e+01
   4.8755200e+01
   4.8756100e+01
   4.8756100e+01
   4.8757000e+01
   4.8757000e+01
   4.8760200e+01
   4.8760500e+01
   4.8762000e+01
   4.8762000e+01
   4.8762800e+01
   4.8762800e+01
   4.8764600e+01
   4.8764600e+01
   4.8763700e+01
   4.8764600e+01
   4.8764600e+01
   4.8765800e+01
   4.8766600e+01
   4.8768700e+01
   4.8768700e+01
   4.8769600e+01
   4.8769600e+01
   4.8768400e+01
   4.8766900e+01
   4.8766900e+01
   4.8766600e+01
   4.8764900e+01
   4.8764000e+01
   4.8763400e+01
   4.8762500e+01
   4.8760800e+01
   4.8760500e+01
   4.8760200e+01
   4.8759600e+01
   4.8759600e+01
   4.8758700e+01
   4.8758700e+01
   4.8758100e+01
   4.8757800e+01
   4.8757800e+01
   4.8758700e+01
   4.8758700e+01
   4.8759600e+01
   4.8759600e+01
   4.8759000e+01
   4.8753200e+01
   4.8752000e+01
   4.8752000e+01
   4.8750800e+01
   4.8750200e+01
   4.8750200e+01
   4.8748800e+01
   4.8748800e+01
   4.8747600e+01
   4.8747000e+01
   4.8747000e+01
   4.8746100e+01
   4.8746100e+01
   4.8745200e+01
   4.8745200e+01
   4.8744600e+01
   4.8744600e+01
   4.8743800e+01
   4.8743800e+01
   4.8744600e+01
   4.8744600e+01
   4.8743800e+01
   4.8743800e+01
   4.8742900e+01
   4.8742900e+01
   4.8742000e+01
   4.8742000e+01
   4.8741100e+01
   4.8741100e+01
   4.8740200e+01
   4.8740200e+01
   4.8739700e+01
   4.8739400e+01
   4.8738800e+01
   4.8738800e+01
   4.8737900e+01
   4.8737900e+01
   4.8737000e+01
   4.8737000e+01
   4.8736100e+01
   4.8736100e+01
   4.8735300e+01
   4.8735300e+01
   4.8734400e+01
   4.8734400e+01
   4.8733800e+01
   4.8733800e+01
   4.8732900e+01
   4.8732900e+01
   4.8731200e+01
   4.8731200e+01
   4.8730900e+01
   4.8730000e+01
   4.8727900e+01
   4.8727900e+01
   4.8727000e+01
   4.8727000e+01
   4.8725300e+01
   4.8725300e+01
   4.8724100e+01
   4.8723200e+01
   4.8722900e+01
   4.8722900e+01
   4.8722100e+01
   4.8722100e+01
   4.8721200e+01
   4.8721200e+01
   4.8720300e+01
   4.8720300e+01
   4.8718800e+01
   4.8718800e+01
   4.8717400e+01
   4.8715900e+01
   4.8715000e+01
   4.8714100e+01
   4.8713300e+01
   4.8710600e+01
   4.8710000e+01
   4.8709200e+01
   4.8708300e+01
   4.8706500e+01
   4.8704500e+01
   4.8704500e+01
   4.8703600e+01
   4.8703600e+01
   4.8703000e+01
   4.8703000e+01
   4.8702100e+01
   4.8702100e+01
   4.8701200e+01
   4.8701200e+01
   4.8700300e+01
   4.8700300e+01
   4.8699500e+01
   4.8699500e+01
   4.8697700e+01
   4.8697700e+01
   4.8697100e+01
   4.8697100e+01
   4.8696200e+01
   4.8696200e+01
   4.8695100e+01
   4.8691500e+01
   4.8690700e+01
   4.8689800e+01
   4.8689200e+01
   4.8687400e+01
   4.8686600e+01
   4.8684800e+01
   4.8684500e+01
   4.8684500e+01
   4.8684200e+01
   4.8672500e+01
   4.8671600e+01
   4.8669000e+01
   4.8666600e+01
   4.8664900e+01
   4.8664000e+01
   4.8663400e+01
   4.8661600e+01
   4.8660700e+01
   4.8659600e+01
   4.8659600e+01
   4.8658700e+01
   4.8658700e+01
   4.8656600e+01
   4.8654900e+01
   4.8654600e+01
   4.8654600e+01
   4.8655500e+01
   4.8655500e+01
   4.8656900e+01
   4.8656900e+01
   4.8657800e+01
   4.8657800e+01
   4.8659600e+01
   4.8659600e+01
   4.8659000e+01
   4.8657500e+01
   4.8655800e+01
   4.8654900e+01
   4.8654000e+01
   4.8650800e+01
   4.8649900e+01
   4.8649000e+01
   4.8648700e+01
   4.8648700e+01
   4.8647000e+01
   4.8647000e+01
   4.8646100e+01
   4.8646100e+01
   4.8642900e+01
   4.8642900e+01
   4.8642600e+01
   4.8641700e+01
   4.8641100e+01
   4.8641100e+01
   4.8639600e+01
   4.8639600e+01
   4.8635200e+01
   4.8635200e+01
   4.8633800e+01
   4.8633800e+01
   4.8633200e+01
   4.8632600e+01
   4.8630800e+01
   4.8629900e+01
   4.8628200e+01
   4.8625000e+01
   4.8622300e+01
   4.8621400e+01
   4.8621100e+01
   4.8621100e+01
   4.8620800e+01
   4.8620000e+01
   4.8615900e+01
   4.8614100e+01
   4.8613200e+01
   4.8612300e+01
   4.8611800e+01
   4.8610000e+01
   4.8608200e+01
   4.8606800e+01
   4.8605900e+01
   4.8604100e+01
   4.8603200e+01
   4.8602400e+01
   4.8601500e+01
   4.8599100e+01
   4.8598300e+01
   4.8597400e+01
   4.8593300e+01
   4.8592400e+01
   4.8589200e+01
   4.8588300e+01
   4.8587400e+01
   4.8586500e+01
   4.8585600e+01
   4.8585100e+01
   4.8584200e+01
   4.8583300e+01
   4.8582400e+01
   4.8579800e+01
   4.8579200e+01
   4.8578300e+01
   4.8576600e+01
   4.8576300e+01
   4.8576300e+01
   4.8574200e+01
   4.8571600e+01
   4.8570700e+01
   4.8569200e+01
   4.8566300e+01
   4.8566300e+01
   4.8565700e+01
   4.8564800e+01
   4.8563900e+01
   4.8563400e+01
   4.8562500e+01
   4.8561600e+01
   4.8561300e+01
   4.8561300e+01
   4.8562200e+01
   4.8561900e+01
   4.8561300e+01
   4.8561300e+01
   4.8560400e+01
   4.8560400e+01
   4.8559500e+01
   4.8559500e+01
   4.8558700e+01
   4.8558700e+01
   4.8557800e+01
   4.8557800e+01
   4.8553700e+01
   4.8553700e+01
   4.8553100e+01
   4.8552500e+01
   4.8551600e+01
   4.8550700e+01
   4.8549000e+01
   4.8545800e+01
   4.8544900e+01
   4.8542500e+01
   4.8541600e+01
   4.8540800e+01
   4.8539900e+01
   4.8539000e+01
   4.8538100e+01
   4.8536700e+01
   4.8533700e+01
   4.8533700e+01
   4.8529600e+01
   4.8529600e+01
   4.8527300e+01
   4.8526700e+01
   4.8525800e+01
   4.8523200e+01
   4.8522300e+01
   4.8520800e+01
   4.8519100e+01
   4.8518200e+01
   4.8516700e+01
   4.8514400e+01
   4.8514400e+01
   4.8513200e+01
   4.8510800e+01
   4.8510000e+01
   4.8508500e+01
   4.8508800e+01
   4.8507900e+01
   4.8507900e+01
   4.8509700e+01
   4.8509700e+01
   4.8510800e+01
   4.8511700e+01
   4.8513200e+01
   4.8514100e+01
   4.8515800e+01
   4.8522300e+01
   4.8523200e+01
   4.8525800e+01
   4.8526700e+01
   4.8528100e+01
   4.8529000e+01
   4.8529900e+01
   4.8530800e+01
   4.8531700e+01
   4.8532600e+01
   4.8533100e+01
   4.8535800e+01
   4.8536700e+01
   4.8543100e+01
   4.8544000e+01
   4.8544900e+01
   4.8547500e+01
   4.8547800e+01
   4.8547800e+01
   4.8548700e+01
   4.8548700e+01
   4.8549600e+01
   4.8549600e+01
   4.8550400e+01
   4.8550400e+01
   4.8551000e+01
   4.8551000e+01
   4.8551900e+01
   4.8551900e+01
   4.8552800e+01
   4.8552800e+01
   4.8553700e+01
   4.8553700e+01
   4.8554800e+01
   4.8558400e+01
   4.8560400e+01
   4.8560400e+01
   4.8561300e+01
   4.8561300e+01
   4.8562800e+01
   4.8562800e+01
   4.8563600e+01
   4.8563600e+01
   4.8565400e+01
   4.8565400e+01
   4.8565700e+01
   4.8568300e+01
   4.8569500e+01
   4.8569500e+01
   4.8569800e+01
   4.8573300e+01
   4.8573600e+01
   4.8573600e+01
   4.8574200e+01
   4.8575100e+01
   4.8577100e+01
   4.8577100e+01
   4.8576300e+01
   4.8576300e+01
   4.8575400e+01
   4.8575400e+01
   4.8574200e+01
   4.8573300e+01
   4.8572400e+01
   4.8571600e+01
   4.8570700e+01
   4.8569800e+01
   4.8569500e+01
   4.8569500e+01
   4.8568600e+01
   4.8569200e+01
   4.8569800e+01
   4.8571300e+01
   4.8571300e+01
   4.8571600e+01
   4.8572400e+01
   4.8573600e+01
   4.8573600e+01
   4.8575100e+01
   4.8576600e+01
   4.8577700e+01
   4.8577700e+01
   4.8578300e+01
   4.8579200e+01
   4.8579500e+01
   4.8579500e+01
   4.8580100e+01
   4.8581500e+01
   4.8583000e+01
   4.8583000e+01
   4.8585100e+01
   4.8588300e+01
   4.8589200e+01
   4.8589800e+01
   4.8591200e+01
   4.8591200e+01
   4.8592100e+01
   4.8592100e+01
   4.8593300e+01
   4.8594200e+01
   4.8594400e+01
   4.8594400e+01
   4.8595300e+01
   4.8595300e+01
   4.8596200e+01
   4.8596200e+01
   4.8597100e+01
   4.8597100e+01
   4.8597400e+01
   4.8598300e+01
   4.8598600e+01
   4.8598600e+01
   4.8599100e+01
   4.8599400e+01
   4.8599400e+01
   4.8602400e+01
   4.8603200e+01
   4.8604100e+01
   4.8605000e+01
   4.8605900e+01
   4.8606800e+01
   4.8607400e+01
   4.8608200e+01
   4.8610900e+01
   4.8613200e+01
   4.8614100e+01
   4.8614400e+01
   4.8614400e+01
   4.8615300e+01
   4.8615300e+01
   4.8616700e+01
   4.8617300e+01
   4.8619100e+01
   4.8620000e+01
   4.8621400e+01
   4.8622300e+01
   4.8627300e+01
   4.8628200e+01
   4.8629400e+01
   4.8629700e+01
   4.8628800e+01
   4.8628800e+01
   4.8628200e+01
   4.8627300e+01
   4.8627000e+01
   4.8627000e+01
   4.8627300e+01
   4.8635800e+01
   4.8637000e+01
   4.8637000e+01
   4.8637600e+01
   4.8638200e+01
   4.8639900e+01
   4.8640800e+01
   4.8642000e+01
   4.8642000e+01
   4.8642900e+01
   4.8642900e+01
   4.8645200e+01
   4.8645200e+01
   4.8645800e+01
   4.8646700e+01
   4.8647800e+01
   4.8647800e+01
   4.8648700e+01
   4.8648700e+01
   4.8650200e+01
   4.8650200e+01
   4.8651100e+01
   4.8651100e+01
   4.8653700e+01
   4.8653700e+01
   4.8654900e+01
   4.8656600e+01
   4.8657500e+01
   4.8659900e+01
   4.8660700e+01
   4.8661600e+01
   4.8662500e+01
   4.8662800e+01
   4.8662800e+01
   4.8663700e+01
   4.8663700e+01
   4.8664600e+01
   4.8664600e+01
   4.8665400e+01
   4.8665400e+01
   4.8664600e+01
   4.8664600e+01
   4.8665700e+01
   4.8666600e+01
   4.8667500e+01
   4.8668400e+01
   4.8668700e+01
   4.8668700e+01
   4.8667800e+01
   4.8667800e+01
   4.8669000e+01
   4.8669800e+01
   4.8670400e+01
   4.8670400e+01
   4.8671300e+01
   4.8671300e+01
   4.8671600e+01
   4.8672500e+01
   4.8672800e+01
   4.8672800e+01
   4.8673400e+01
   4.8674500e+01
   4.8674500e+01
   4.8675400e+01
   4.8675400e+01
   4.8676300e+01
   4.8676300e+01
   4.8677500e+01
   4.8677800e+01
   4.8677800e+01
   4.8678600e+01
   4.8678600e+01
   4.8679200e+01
   4.8680100e+01
   4.8680400e+01
   4.8680400e+01
   4.8681300e+01
   4.8681300e+01
   4.8680400e+01
   4.8680400e+01
   4.8679500e+01
   4.8679500e+01
   4.8680700e+01
   4.8681600e+01
   4.8681900e+01
   4.8681900e+01
   4.8682500e+01
   4.8684500e+01
   4.8684500e+01
   4.8684800e+01
   4.8685700e+01
   4.8686600e+01
   4.8687100e+01
   4.8687100e+01
   4.8687700e+01
   4.8687700e+01
   4.8688600e+01
   4.8688600e+01
   4.8689800e+01
   4.8690700e+01
   4.8691500e+01
   4.8693600e+01
   4.8693600e+01
   4.8694500e+01
   4.8694500e+01
   4.8695400e+01
   4.8695400e+01
   4.8696200e+01
   4.8696200e+01
   4.8697100e+01
   4.8697100e+01
   4.8698000e+01
   4.8697700e+01
   4.8699500e+01
   4.8699500e+01
   4.8698600e+01
   4.8698600e+01
   4.8698000e+01
   4.8697700e+01
   4.8697100e+01
   4.8697100e+01
   4.8696200e+01
   4.8696200e+01
   4.8695400e+01
   4.8695400e+01
   4.8692700e+01
   4.8692700e+01
   4.8691300e+01
   4.8691300e+01
   4.8690400e+01
   4.8690400e+01
   4.8688600e+01
   4.8688600e+01
   4.8687700e+01
   4.8687700e+01
   4.8688600e+01
   4.8688600e+01
   4.8687400e+01
   4.8684800e+01
   4.8683600e+01
   4.8683600e+01
   4.8683300e+01
   4.8682500e+01
   4.8681900e+01
   4.8681900e+01
   4.8681300e+01
   4.8681300e+01
   4.8680400e+01
   4.8680400e+01
   4.8680700e+01
   4.8681600e+01
   4.8682700e+01
   4.8682700e+01
   4.8682500e+01
   4.8680100e+01
   4.8679200e+01
   4.8678600e+01
   4.8678600e+01
   4.8678300e+01
   4.8676600e+01
   4.8675700e+01
   4.8674500e+01
   4.8674500e+01
   4.8675400e+01
   4.8675400e+01
   4.8674500e+01
   4.8674500e+01
   4.8675700e+01
   4.8677500e+01
   4.8678300e+01
   4.8679200e+01
   4.8680400e+01
   4.8680400e+01
   4.8679500e+01
   4.8679500e+01
   4.8678600e+01
   4.8678600e+01
   4.8677500e+01
   4.8677200e+01
   4.8677200e+01
   4.8678600e+01
   4.8678600e+01
   4.8679500e+01
   4.8679200e+01
   4.8677500e+01
   4.8676600e+01
   4.8675700e+01
   4.8675400e+01
   4.8675400e+01
   4.8674500e+01
   4.8674500e+01
   4.8673400e+01
   4.8672800e+01
   4.8672800e+01
   4.8669500e+01
   4.8670400e+01
   4.8670400e+01
   4.8669800e+01
   4.8668400e+01
   4.8667800e+01
   4.8667800e+01
   4.8667500e+01
   4.8666900e+01
   4.8666900e+01
   4.8667800e+01
   4.8667800e+01
   4.8669000e+01
   4.8670700e+01
   4.8671300e+01
   4.8671300e+01
   4.8669500e+01
   4.8669500e+01
   4.8668400e+01
   4.8666600e+01
   4.8665400e+01
   4.8665400e+01
   4.8664900e+01
   4.8662500e+01
   4.8661000e+01
   4.8661000e+01
   4.8661900e+01
   4.8661900e+01
   4.8662800e+01
   4.8662800e+01
   4.8662500e+01
   4.8659900e+01
   4.8658400e+01
   4.8655800e+01
   4.8653400e+01
   4.8652500e+01
   4.8651700e+01
   4.8651100e+01
   4.8651100e+01
   4.8650800e+01
   4.8649000e+01
   4.8648100e+01
   4.8646700e+01
   4.8646100e+01
   4.8646100e+01
   4.8645800e+01
   4.8644900e+01
   4.8644600e+01
   4.8644600e+01
   4.8643100e+01
   4.8642600e+01
   4.8642000e+01
   4.8642000e+01
   4.8631700e+01
   4.8630800e+01
   4.8629900e+01
   4.8628200e+01
   4.8625800e+01
   4.8625000e+01
   4.8624100e+01
   4.8623200e+01
   4.8621700e+01
   4.8620800e+01
   4.8619100e+01
   4.8618200e+01
   4.8616400e+01
   4.8615900e+01
   4.8615300e+01
   4.8615300e+01
   4.8614100e+01
   4.8613200e+01
   4.8610000e+01
   4.8609100e+01
   4.8608200e+01
   4.8606500e+01
   4.8605900e+01
   4.8605000e+01
   4.8604100e+01
   4.8602400e+01
   4.8600300e+01
   4.8600300e+01
   4.8600000e+01
   4.8598300e+01
   4.8596500e+01
   4.8595600e+01
   4.8593600e+01
   4.8593600e+01
   4.8592700e+01
   4.8592700e+01
   4.8592100e+01
   4.8592100e+01
   4.8592400e+01
   4.8593300e+01
   4.8593600e+01
   4.8593600e+01
   4.8595300e+01
   4.8595300e+01
   4.8595900e+01
   4.8596500e+01
   4.8597400e+01
   4.8598300e+01
   4.8598600e+01
   4.8598600e+01
   4.8597400e+01
   4.8595600e+01
   4.8595000e+01
   4.8594200e+01
   4.8593300e+01
   4.8591500e+01
   4.8590600e+01
   4.8590000e+01
   4.8589200e+01
   4.8588600e+01
   4.8588600e+01
   4.8588300e+01
   4.8587400e+01
   4.8586500e+01
   4.8585900e+01
   4.8582400e+01
   4.8580700e+01
   4.8580100e+01
   4.8579200e+01
   4.8577400e+01
   4.8576600e+01
   4.8574200e+01
   4.8573300e+01
   4.8565700e+01
   4.8564800e+01
   4.8563900e+01
   4.8563400e+01
   4.8560700e+01
   4.8560400e+01
   4.8560400e+01
   4.8559500e+01
   4.8559500e+01
   4.8559000e+01
   4.8558400e+01
   4.8557500e+01
   4.8554800e+01
   4.8554000e+01
   4.8552500e+01
   4.8551600e+01
   4.8549900e+01
   4.8549300e+01
   4.8546600e+01
   4.8545800e+01
   4.8544900e+01
   4.8544000e+01
   4.8543100e+01
   4.8542500e+01
   4.8540800e+01
   4.8539900e+01
   4.8539000e+01
   4.8538100e+01
   4.8537500e+01
   4.8536700e+01
   4.8534900e+01
   4.8534000e+01
   4.8531700e+01
   4.8530800e+01
   4.8529900e+01
   4.8519900e+01
   4.8519100e+01
   4.8518200e+01
   4.8516700e+01
   4.8516100e+01
   4.8516100e+01
   4.8515800e+01
   4.8514900e+01
   4.8514700e+01
   4.8514700e+01
   4.8513800e+01
   4.8513800e+01
   4.8512900e+01
   4.8512900e+01
   4.8512000e+01
   4.8512000e+01
   4.8507900e+01
   4.8507900e+01
   4.8506100e+01
   4.8506100e+01
   4.8504400e+01
   4.8504400e+01
   4.8501200e+01
   4.8501200e+01
   4.8500300e+01
   4.8500300e+01
   4.8499400e+01
   4.8499400e+01
   4.8498500e+01
   4.8498500e+01
   4.8497900e+01
   4.8497900e+01
   4.8497100e+01
   4.8497100e+01
   4.8496200e+01
   4.8496200e+01
   4.8495300e+01
   4.8495300e+01
   4.8494400e+01
   4.8494400e+01
   4.8495000e+01
   4.8495900e+01
   4.8496500e+01
   4.8498200e+01
   4.8498500e+01
   4.8498500e+01
   4.8497100e+01
   4.8497100e+01
   4.8496200e+01
   4.8496200e+01
   4.8497100e+01
   4.8497100e+01
   4.8495600e+01
   4.8495000e+01
   4.8492400e+01
   4.8491500e+01
   4.8491200e+01
   4.8491200e+01
   4.8490900e+01
   4.8490000e+01
   4.8489100e+01
   4.8488300e+01
   4.8488000e+01
   4.8488000e+01
   4.8487400e+01
   4.8485600e+01
   4.8485000e+01
   4.8477400e+01
   4.8477100e+01
   4.8477100e+01
   4.8474500e+01
   4.8475300e+01
   4.8475300e+01
   4.8474500e+01
   4.8474500e+01
   4.8473300e+01
   4.8472400e+01
   4.8472100e+01
   4.8472100e+01
   4.8471200e+01
   4.8471200e+01
   4.8469500e+01
   4.8469500e+01
   4.8468600e+01
   4.8468600e+01
   4.8468300e+01
   4.8467400e+01
   4.8466500e+01
   4.8465700e+01
   4.8465400e+01
   4.8465400e+01
   4.8464500e+01
   4.8464500e+01
   4.8464200e+01
   4.8463300e+01
   4.8461600e+01
   4.8460700e+01
   4.8460400e+01
   4.8460400e+01
   4.8459500e+01
   4.8459500e+01
   4.8459200e+01
   4.8458300e+01
   4.8457200e+01
   4.8457200e+01
   4.8456300e+01
   4.8456300e+01
   4.8454800e+01
   4.8454200e+01
   4.8453300e+01
   4.8452500e+01
   4.8451300e+01
   4.8451300e+01
   4.8450400e+01
   4.8450400e+01
   4.8451300e+01
   4.8451300e+01
   4.8450400e+01
   4.8450400e+01
   4.8451300e+01
   4.8451300e+01
   4.8453600e+01
   4.8453600e+01
   4.8454500e+01
   4.8454500e+01
   4.8457500e+01
   4.8458300e+01
   4.8458600e+01
   4.8458600e+01
   4.8457700e+01
   4.8457700e+01
   4.8455700e+01
   4.8454800e+01
   4.8454200e+01
   4.8453600e+01
   4.8453600e+01
   4.8451300e+01
   4.8451900e+01
   4.8451900e+01
   4.8451600e+01
   4.8450700e+01
   4.8449800e+01
   4.8448900e+01
   4.8448400e+01
   4.8447500e+01
   4.8446600e+01
   4.8442500e+01
   4.8440700e+01
   4.8439000e+01
   4.8438400e+01
   4.8437500e+01
   4.8436900e+01
   4.8436900e+01
   4.8437800e+01
   4.8437800e+01
   4.8436900e+01
   4.8436900e+01
   4.8436600e+01
   4.8435700e+01
   4.8434000e+01
   4.8432500e+01
   4.8431600e+01
   4.8430800e+01
   4.8429600e+01
   4.8429600e+01
   4.8429000e+01
   4.8426600e+01
   4.8426100e+01
   4.8426100e+01
   4.8425800e+01
   4.8424900e+01
   4.8424600e+01
   4.8424600e+01
   4.8424000e+01
   4.8423100e+01
   4.8422800e+01
   4.8422800e+01
   4.8422200e+01
   4.8421700e+01
   4.8420800e+01
   4.8419000e+01
   4.8417600e+01
   4.8414900e+01
   4.8414000e+01
   4.8413200e+01
   4.8412300e+01
   4.8411700e+01
   4.8411100e+01
   4.8411100e+01
   4.8410200e+01
   4.8410200e+01
   4.8409600e+01
   4.8409600e+01
   4.8410200e+01
   4.8410200e+01
   4.8412000e+01
   4.8412000e+01
   4.8412900e+01
   4.8412900e+01
   4.8412000e+01
   4.8412000e+01
   4.8410800e+01
   4.8409900e+01
   4.8409000e+01
   4.8408800e+01
   4.8408800e+01
   4.8407000e+01
   4.8407000e+01
   4.8406100e+01
   4.8406100e+01
   4.8408200e+01
   4.8409000e+01
   4.8409900e+01
   4.8410200e+01
   4.8410200e+01
   4.8411100e+01
   4.8411100e+01
   4.8410800e+01
   4.8409900e+01
   4.8409000e+01
   4.8408800e+01
   4.8408800e+01
   4.8407900e+01
   4.8407900e+01
   4.8409600e+01
   4.8409600e+01
   4.8410200e+01
   4.8409600e+01
   4.8409600e+01
   4.8408800e+01
   4.8408800e+01
   4.8407900e+01
   4.8407900e+01
   4.8407000e+01
   4.8407000e+01
   4.8406700e+01
   4.8404900e+01
   4.8404100e+01
   4.8403200e+01
   4.8402900e+01
   4.8402900e+01
   4.8404100e+01
   4.8404900e+01
   4.8405500e+01
   4.8405500e+01
   4.8406100e+01
   4.8406100e+01
   4.8407000e+01
   4.8407000e+01
   4.8406100e+01
   4.8406100e+01
   4.8407000e+01
   4.8407000e+01
   4.8407900e+01
   4.8407900e+01
   4.8408800e+01
   4.8408800e+01
   4.8409300e+01
   4.8409600e+01
   4.8410800e+01
   4.8411700e+01
   4.8412000e+01
   4.8412000e+01
   4.8413700e+01
   4.8413700e+01
   4.8414600e+01
   4.8414600e+01
   4.8415200e+01
   4.8415500e+01
   4.8414600e+01
   4.8415500e+01
   4.8415500e+01
   4.8415800e+01
   4.8417600e+01
   4.8417800e+01
   4.8417800e+01
   4.8418700e+01
   4.8418700e+01
   4.8419900e+01
   4.8420500e+01
   4.8420200e+01
   4.8420800e+01
   4.8422500e+01
   4.8423100e+01
   4.8423700e+01
   4.8423700e+01
   4.8424600e+01
   4.8423700e+01
   4.8423700e+01
   4.8424000e+01
   4.8424900e+01
   4.8425500e+01
   4.8425500e+01
   4.8424900e+01
   4.8424000e+01
   4.8423700e+01
   4.8423700e+01
   4.8422800e+01
   4.8422800e+01
   4.8423100e+01
   4.8424000e+01
   4.8427500e+01
   4.8427800e+01
   4.8427800e+01
   4.8426900e+01
   4.8426900e+01
   4.8427800e+01
   4.8427800e+01
   4.8428700e+01
   4.8428700e+01
   4.8427800e+01
   4.8427800e+01
   4.8428700e+01
   4.8428700e+01
   4.8429600e+01
   4.8429600e+01
   4.8428700e+01
   4.8428700e+01
   4.8428100e+01
   4.8427500e+01
   4.8424900e+01
   4.8424000e+01
   4.8423700e+01
   4.8423700e+01
   4.8423100e+01
   4.8422800e+01
   4.8422800e+01
   4.8422500e+01
   4.8420800e+01
   4.8420200e+01
   4.8420200e+01
   4.8419600e+01
   4.8419600e+01
   4.8418700e+01
   4.8418700e+01
   4.8417800e+01
   4.8417800e+01
   4.8417000e+01
   4.8417000e+01
   4.8417600e+01
   4.8418100e+01
   4.8419000e+01
   4.8419900e+01
   4.8420200e+01
   4.8420200e+01
   4.8422000e+01
   4.8422000e+01
   4.8421100e+01
   4.8421100e+01
   4.8421700e+01
   4.8422500e+01
   4.8423100e+01
   4.8424000e+01
   4.8426100e+01
   4.8425500e+01
   4.8425500e+01
   4.8426100e+01
   4.8426400e+01
   4.8426900e+01
   4.8426900e+01
   4.8427800e+01
   4.8427500e+01
   4.8424900e+01
   4.8424600e+01
   4.8424600e+01
   4.8425500e+01
   4.8425200e+01
   4.8425800e+01
   4.8427500e+01
   4.8429000e+01
   4.8429900e+01
   4.8430500e+01
   4.8430500e+01
   4.8430800e+01
   4.8431600e+01
   4.8432800e+01
   4.8432800e+01
   4.8433700e+01
   4.8433700e+01
   4.8431900e+01
   4.8431900e+01
   4.8432800e+01
   4.8432800e+01
   4.8433400e+01
   4.8433700e+01
   4.8433700e+01
   4.8434600e+01
   4.8434600e+01
   4.8435500e+01
   4.8435500e+01
   4.8436000e+01
   4.8436300e+01
   4.8436600e+01
   4.8437500e+01
   4.8439600e+01
   4.8439600e+01
   4.8440400e+01
   4.8440400e+01
   4.8440700e+01
   4.8441600e+01
   4.8442500e+01
   4.8442800e+01
   4.8442800e+01
   4.8443400e+01
   4.8444000e+01
   4.8444500e+01
   4.8444500e+01
   4.8445400e+01
   4.8445400e+01
   4.8445700e+01
   4.8447500e+01
   4.8447800e+01
   4.8447800e+01
   4.8448400e+01
   4.8449500e+01
   4.8449500e+01
   4.8451300e+01
   4.8451300e+01
   4.8452200e+01
   4.8452200e+01
   4.8452500e+01
   4.8453300e+01
   4.8453600e+01
   4.8453600e+01
   4.8455400e+01
   4.8455400e+01
   4.8456300e+01
   4.8456300e+01
   4.8457200e+01
   4.8456900e+01
   4.8456600e+01
   4.8455700e+01
   4.8449800e+01
   4.8448900e+01
   4.8448400e+01
   4.8443400e+01
   4.8442500e+01
   4.8441300e+01
   4.8441000e+01
   4.8439000e+01
   4.8436600e+01
   4.8433400e+01
   4.8432500e+01
   4.8431000e+01
   4.8431000e+01
   4.8430500e+01
   4.8430500e+01
   4.8431000e+01
   4.8431000e+01
   4.8431900e+01
   4.8431900e+01
   4.8431000e+01
   4.8431000e+01
   4.8430500e+01
   4.8430500e+01
   4.8429600e+01
   4.8429600e+01
   4.8429000e+01
   4.8426600e+01
   4.8425800e+01
   4.8424600e+01
   4.8424600e+01
   4.8423700e+01
   4.8423700e+01
   4.8424600e+01
   4.8424600e+01
   4.8426900e+01
   4.8426900e+01
   4.8429600e+01
   4.8429600e+01
   4.8431000e+01
   4.8431000e+01
   4.8430800e+01
   4.8429900e+01
   4.8429000e+01
   4.8428700e+01
   4.8428700e+01
   4.8427800e+01
   4.8427800e+01
   4.8425500e+01
   4.8425500e+01
   4.8419900e+01
   4.8419000e+01
   4.8418700e+01
   4.8418700e+01
   4.8417800e+01
   4.8417800e+01
   4.8416700e+01
   4.8415800e+01
   4.8415500e+01
   4.8415500e+01
   4.8412900e+01
   4.8412900e+01
   4.8412300e+01
   4.8411700e+01
   4.8410800e+01
   4.8409900e+01
   4.8401700e+01
   4.8400800e+01
   4.8398200e+01
   4.8397300e+01
   4.8396700e+01
   4.8395000e+01
   4.8393200e+01
   4.8392300e+01
   4.8392000e+01
   4.8392000e+01
   4.8391200e+01
   4.8391200e+01
   4.8390300e+01
   4.8390900e+01
   4.8391700e+01
   4.8392000e+01
   4.8392000e+01
   4.8391700e+01
   4.8390900e+01
   4.8390000e+01
   4.8389100e+01
   4.8388200e+01
   4.8387300e+01
   4.8386200e+01
   4.8386200e+01
   4.8385300e+01
   4.8385300e+01
   4.8384400e+01
   4.8384400e+01
   4.8385300e+01
   4.8385300e+01
   4.8386200e+01
   4.8386200e+01
   4.8387000e+01
   4.8386800e+01
   4.8385900e+01
   4.8385000e+01
   4.8383200e+01
   4.8382900e+01
   4.8382900e+01
   4.8384400e+01
   4.8384400e+01
   4.8379400e+01
   4.8379400e+01
   4.8376800e+01
   4.8375900e+01
   4.8375000e+01
   4.8374100e+01
   4.8372100e+01
   4.8372100e+01
   4.8371200e+01
   4.8371200e+01
   4.8370900e+01
   4.8370000e+01
   4.8367400e+01
   4.8366500e+01
   4.8365000e+01
   4.8364200e+01
   4.8362400e+01
   4.8361500e+01
   4.8360600e+01
   4.8360100e+01
   4.8359500e+01
   4.8359500e+01
   4.8358600e+01
   4.8358600e+01
   4.8355700e+01
   4.8355100e+01
   4.8354200e+01
   4.8351600e+01
   4.8349200e+01
   4.8348300e+01
   4.8347400e+01
   4.8345700e+01
   4.8344800e+01
   4.8343300e+01
   4.8342500e+01
   4.8341900e+01
   4.8341900e+01
   4.8341300e+01
   4.8341300e+01
   4.8341600e+01
   4.8342500e+01
   4.8343600e+01
   4.8343600e+01
   4.8342800e+01
   4.8342800e+01
   4.8342500e+01
   4.8341600e+01
   4.8340400e+01
   4.8340400e+01
   4.8339500e+01
   4.8339500e+01
   4.8336300e+01
   4.8336300e+01
   4.8336900e+01
   4.8336900e+01
   4.8338600e+01
   4.8338600e+01
   4.8339500e+01
   4.8339500e+01
   4.8340400e+01
   4.8339500e+01
   4.8339500e+01
   4.8340400e+01
   4.8340400e+01
   4.8341300e+01
   4.8341300e+01
   4.8341600e+01
   4.8342500e+01
   4.8343600e+01
   4.8343600e+01
   4.8343300e+01
   4.8341600e+01
   4.8340400e+01
   4.8340400e+01
   4.8339500e+01
   4.8339500e+01
   4.8338400e+01
   4.8336600e+01
   4.8335700e+01
   4.8334800e+01
   4.8334500e+01
   4.8334500e+01
   4.8333700e+01
   4.8333700e+01
   4.8332500e+01
   4.8331600e+01
   4.8330400e+01
   4.8330400e+01
   4.8329500e+01
   4.8329500e+01
   4.8324900e+01
   4.8322500e+01
   4.8321600e+01
   4.8319900e+01
   4.8319600e+01
   4.8319600e+01
   4.8318700e+01
   4.8318700e+01
   4.8317800e+01
   4.8317800e+01
   4.8316900e+01
   4.8316900e+01
   4.8316100e+01
   4.8316100e+01
   4.8314600e+01
   4.8314600e+01
   4.8312800e+01
   4.8312800e+01
   4.8311900e+01
   4.8311900e+01
   4.8310500e+01
   4.8310500e+01
   4.8309600e+01
   4.8309600e+01
   4.8309900e+01
   4.8311700e+01
   4.8311900e+01
   4.8311900e+01
   4.8312800e+01
   4.8312800e+01
   4.8313700e+01
   4.8313700e+01
   4.8312500e+01
   4.8311700e+01
   4.8311100e+01
   4.8311100e+01
   4.8310800e+01
   4.8309900e+01
   4.8309000e+01
   4.8307800e+01
   4.8307800e+01
   4.8309600e+01
   4.8309600e+01
   4.8311100e+01
   4.8311100e+01
   4.8311700e+01
   4.8313400e+01
   4.8315500e+01
   4.8315200e+01
   4.8314600e+01
   4.8314600e+01
   4.8314900e+01
   4.8318100e+01
   4.8318700e+01
   4.8318700e+01
   4.8319000e+01
   4.8319900e+01
   4.8321900e+01
   4.8321900e+01
   4.8322500e+01
   4.8323400e+01
   4.8324000e+01
   4.8325700e+01
   4.8326300e+01
   4.8326000e+01
   4.8325400e+01
   4.8325700e+01
   4.8326600e+01
   4.8326900e+01
   4.8326900e+01
   4.8329300e+01
   4.8332500e+01
   4.8333400e+01
   4.8334800e+01
   4.8335400e+01
   4.8335400e+01
   4.8335700e+01
   4.8338400e+01
   4.8339800e+01
   4.8340700e+01
   4.8341300e+01
   4.8341300e+01
   4.8340700e+01
   4.8339800e+01
   4.8338600e+01
   4.8338600e+01
   4.8337800e+01
   4.8337800e+01
   4.8336900e+01
   4.8336900e+01
   4.8336600e+01
   4.8335700e+01
   4.8334800e+01
   4.8334000e+01
   4.8333700e+01
   4.8333700e+01
   4.8334500e+01
   4.8334500e+01
   4.8335400e+01
   4.8335400e+01
   4.8334500e+01
   4.8334500e+01
   4.8332500e+01
   4.8330700e+01
   4.8329800e+01
   4.8329300e+01
   4.8328400e+01
   4.8327500e+01
   4.8326900e+01
   4.8326900e+01
   4.8326000e+01
   4.8326000e+01
   4.8325700e+01
   4.8324900e+01
   4.8324600e+01
   4.8324600e+01
   4.8323700e+01
   4.8323700e+01
   4.8323400e+01
   4.8322500e+01
   4.8321600e+01
   4.8320700e+01
   4.8319900e+01
   4.8317500e+01
   4.8316100e+01
   4.8316100e+01
   4.8315500e+01
   4.8315500e+01
   4.8313700e+01
   4.8313700e+01
   4.8312800e+01
   4.8312800e+01
   4.8313400e+01
   4.8314900e+01
   4.8315800e+01
   4.8316100e+01
   4.8316100e+01
   4.8316900e+01
   4.8316900e+01
   4.8317800e+01
   4.8317800e+01
   4.8318700e+01
   4.8318700e+01
   4.8319600e+01
   4.8319600e+01
   4.8321900e+01
   4.8321900e+01
   4.8322500e+01
   4.8324900e+01
   4.8326000e+01
   4.8326300e+01
   4.8327800e+01
   4.8327800e+01
   4.8328700e+01
   4.8328700e+01
   4.8329500e+01
   4.8329500e+01
   4.8333400e+01
   4.8334200e+01
   4.8334500e+01
   4.8334500e+01
   4.8335400e+01
   4.8335400e+01
   4.8336300e+01
   4.8336300e+01
   4.8336900e+01
   4.8336900e+01
   4.8337800e+01
   4.8337800e+01
   4.8338600e+01
   4.8338600e+01
   4.8336900e+01
   4.8336900e+01
   4.8336300e+01
   4.8336600e+01
   4.8338400e+01
   4.8338600e+01
   4.8338600e+01
   4.8337800e+01
   4.8337800e+01
   4.8338400e+01
   4.8339200e+01
   4.8339800e+01
   4.8340700e+01
   4.8341600e+01
   4.8342500e+01
   4.8342800e+01
   4.8342800e+01
   4.8344200e+01
   4.8344800e+01
   4.8345700e+01
   4.8346600e+01
   4.8347400e+01
   4.8349200e+01
   4.8350100e+01
   4.8351600e+01
   4.8352400e+01
   4.8353300e+01
   4.8353600e+01
   4.8353600e+01
   4.8354500e+01
   4.8354500e+01
   4.8356200e+01
   4.8356200e+01
   4.8357100e+01
   4.8357100e+01
   4.8357700e+01
   4.8357700e+01
   4.8358300e+01
   4.8359200e+01
   4.8360100e+01
   4.8361500e+01
   4.8363000e+01
   4.8362700e+01
   4.8363300e+01
   4.8365000e+01
   4.8365600e+01
   4.8366200e+01
   4.8366200e+01
   4.8367400e+01
   4.8368300e+01
   4.8370000e+01
   4.8370900e+01
   4.8372100e+01
   4.8372100e+01
   4.8373000e+01
   4.8372700e+01
   4.8375300e+01
   4.8375300e+01
   4.8374400e+01
   4.8374400e+01
   4.8376200e+01
   4.8376200e+01
   4.8377100e+01
   4.8377100e+01
   4.8376500e+01
   4.8375000e+01
   4.8374100e+01
   4.8373300e+01
   4.8372400e+01
   4.8370000e+01
   4.8368600e+01
   4.8368600e+01
   4.8368300e+01
   4.8367400e+01
   4.8367100e+01
   4.8367100e+01
   4.8366200e+01
   4.8366200e+01
   4.8365300e+01
   4.8365300e+01
   4.8364500e+01
   4.8364500e+01
   4.8363600e+01
   4.8367100e+01
   4.8367100e+01
   4.8368600e+01
   4.8368600e+01
   4.8368000e+01
   4.8368000e+01
   4.8367100e+01
   4.8367100e+01
   4.8366500e+01
   4.8365600e+01
   4.8365300e+01
   4.8365300e+01
   4.8364500e+01
   4.8364500e+01
   4.8363600e+01
   4.8365000e+01
   4.8365600e+01
   4.8366500e+01
   4.8367400e+01
   4.8370000e+01
   4.8370600e+01
   4.8371200e+01
   4.8371200e+01
   4.8372400e+01
   4.8373300e+01
   4.8374100e+01
   4.8375900e+01
   4.8376500e+01
   4.8377400e+01
   4.8378200e+01
   4.8379100e+01
   4.8381500e+01
   4.8383200e+01
   4.8385000e+01
   4.8385900e+01
   4.8386200e+01
   4.8386200e+01
   4.8387300e+01
   4.8388200e+01
   4.8388800e+01
   4.8388800e+01
   4.8387900e+01
   4.8387900e+01
   4.8385300e+01
   4.8385300e+01
   4.8386200e+01
   4.8386200e+01
   4.8389100e+01
   4.8393200e+01
   4.8393800e+01
   4.8393800e+01
   4.8392900e+01
   4.8392900e+01
   4.8390300e+01
   4.8390300e+01
   4.8389100e+01
   4.8388800e+01
   4.8388800e+01
   4.8389400e+01
   4.8389400e+01
   4.8388200e+01
   4.8386500e+01
   4.8385300e+01
   4.8385300e+01
   4.8386200e+01
   4.8386200e+01
   4.8387900e+01
   4.8387900e+01
   4.8388500e+01
   4.8388800e+01
   4.8387900e+01
   4.8387900e+01
   4.8387000e+01
   4.8387000e+01
   4.8386500e+01
   4.8385900e+01
   4.8385000e+01
   4.8384100e+01
   4.8383200e+01
   4.8381500e+01
   4.8380900e+01
   4.8380000e+01
   4.8378500e+01
   4.8378500e+01
   4.8377100e+01
   4.8377100e+01
   4.8377400e+01
   4.8378200e+01
   4.8379100e+01
   4.8380000e+01
   4.8381500e+01
   4.8382400e+01
   4.8382900e+01
   4.8382900e+01
   4.8383800e+01
   4.8383800e+01
   4.8382900e+01
   4.8382900e+01
   4.8382100e+01
   4.8382100e+01
   4.8381200e+01
   4.8381200e+01
   4.8380300e+01
   4.8380300e+01
   4.8378800e+01
   4.8378800e+01
   4.8376200e+01
   4.8376200e+01
   4.8373600e+01
   4.8373600e+01
   4.8372700e+01
   4.8373000e+01
   4.8372100e+01
   4.8372100e+01
   4.8366500e+01
   4.8365600e+01
   4.8364200e+01
   4.8362400e+01
   4.8361200e+01
   4.8361200e+01
   4.8359200e+01
   4.8358300e+01
   4.8357100e+01
   4.8358600e+01
   4.8358600e+01
   4.8359500e+01
   4.8359500e+01
   4.8360400e+01
   4.8360400e+01
   4.8359500e+01
   4.8359500e+01
   4.8358300e+01
   4.8358000e+01
   4.8358000e+01
   4.8357100e+01
   4.8357100e+01
   4.8356200e+01
   4.8356200e+01
   4.8355400e+01
   4.8355400e+01
   4.8354500e+01
   4.8354500e+01
   4.8356200e+01
   4.8356200e+01
   4.8357100e+01
   4.8357100e+01
   4.8357700e+01
   4.8358000e+01
   4.8360100e+01
   4.8361500e+01
   4.8362400e+01
   4.8363300e+01
   4.8368000e+01
   4.8368000e+01
   4.8369400e+01
   4.8369400e+01
   4.8370300e+01
   4.8370300e+01
   4.8369400e+01
   4.8369400e+01
   4.8368600e+01
   4.8368600e+01
   4.8368000e+01
   4.8368000e+01
   4.8367100e+01
   4.8367100e+01
   4.8364500e+01
   4.8364500e+01
   4.8363600e+01
   4.8363600e+01
   4.8362700e+01
   4.8363000e+01
   4.8362100e+01
   4.8362100e+01
   4.8361200e+01
   4.8361200e+01
   4.8360400e+01
   4.8360400e+01
   4.8359500e+01
   4.8359500e+01
   4.8358600e+01
   4.8358600e+01
   4.8357700e+01
   4.8357700e+01
   4.8357100e+01
   4.8357100e+01
   4.8357400e+01
   4.8358300e+01
   4.8358600e+01
   4.8358600e+01
   4.8360400e+01
   4.8360400e+01
   4.8361500e+01
   4.8362400e+01
   4.8362700e+01
   4.8362700e+01
   4.8365000e+01
   4.8365600e+01
   4.8366200e+01
   4.8366200e+01
   4.8366500e+01
   4.8367400e+01
   4.8370300e+01
   4.8370300e+01
   4.8371200e+01
   4.8371200e+01
   4.8372100e+01
   4.8372100e+01
   4.8373000e+01
   4.8373000e+01
   4.8373600e+01
   4.8373600e+01
   4.8374400e+01
   4.8374400e+01
   4.8375300e+01
   4.8375300e+01
   4.8376200e+01
   4.8376200e+01
   4.8377100e+01
   4.8377100e+01
   4.8378000e+01
   4.8378000e+01
   4.8378800e+01
   4.8378800e+01
   4.8379400e+01
   4.8379400e+01
   4.8380300e+01
   4.8380300e+01
   4.8381200e+01
   4.8381200e+01
   4.8380300e+01
   4.8380300e+01
   4.8379400e+01
   4.8379400e+01
   4.8378800e+01
   4.8378800e+01
   4.8379400e+01
   4.8379400e+01
   4.8378500e+01
   4.8378500e+01
   4.8378000e+01
   4.8378000e+01
   4.8377100e+01
   4.8377100e+01
   4.8378000e+01
   4.8378000e+01
   4.8378500e+01
   4.8378800e+01
   4.8379400e+01
   4.8379400e+01
   4.8381200e+01
   4.8381200e+01
   4.8382100e+01
   4.8382100e+01
   4.8382900e+01
   4.8382900e+01
   4.8383500e+01
   4.8383800e+01
   4.8386500e+01
   4.8387300e+01
   4.8390000e+01
   4.8390900e+01
   4.8393800e+01
   4.8393800e+01
   4.8394700e+01
   4.8394700e+01
   4.8393800e+01
   4.8393800e+01
   4.8394400e+01
   4.8394400e+01
   4.8392900e+01
   4.8392900e+01
   4.8392000e+01
   4.8392000e+01
   4.8392900e+01
   4.8392900e+01
   4.8394700e+01
   4.8394400e+01
   4.8395000e+01
   4.8398200e+01
   4.8400800e+01
   4.8401400e+01
   4.8402300e+01
   4.8403200e+01
   4.8405200e+01
   4.8405200e+01
   4.8406100e+01
   4.8406100e+01
   4.8407900e+01
